0  0  1.6598  0  0.23698  0.04905  0  
0  0.0023698  1.65931  0  0.23698  -0.04905  0  
0.01  0.0047396  1.65784  0  0.23698  -0.14715  0  
0.02  0.0071094  1.65539  0  0.23698  -0.24525  0  
0.03  0.0094792  1.65195  0  0.23698  -0.34335  0  
0.04  0.011849  1.64754  0  0.23698  -0.44145  0  
0.05  0.0142188  1.64214  0  0.23698  -0.53955  0  
0.06  0.0165886  1.63577  0  0.23698  -0.63765  0  
0.07  0.0189584  1.62841  0  0.23698  -0.73575  0  
0.08  0.0213282  1.62007  0  0.23698  -0.83385  0  
0.09  0.023698  1.61075  0  0.23698  -0.93195  0  
0.1  0.0260678  1.60045  0  0.23698  -1.03005  0  
0.11  0.0284376  1.58917  0  0.23698  -1.12815  0  
0.12  0.0308074  1.57691  0  0.23698  -1.22625  0  
0.13  0.0331772  1.56366  0  0.23698  -1.32435  0  
0.14  0.035547  1.54944  0  0.23698  -1.42245  0  
0.15  0.0379168  1.53423  0  0.23698  -1.52055  0  
0.16  0.0402866  1.51805  0  0.23698  -1.61865  0  
0.17  0.0426564  1.50088  0  0.23698  -1.71675  0  
0.18  0.0450262  1.48273  0  0.23698  -1.81485  0  
0.19  0.047396  1.4636  0  0.23698  -1.91295  0  
0.2  0.0497658  1.44349  0  0.23698  -2.01105  0  
0.21  0.0521356  1.4224  0  0.23698  -2.10915  0  
0.22  0.0545054  1.40033  0  0.23698  -2.20725  0  
0.23  0.0568752  1.37727  0  0.23698  -2.30535  0  
0.24  0.059245  1.35324  0  0.23698  -2.40345  0  
0.25  0.0616148  1.32822  0  0.23698  -2.50155  0  
0.26  0.0639846  1.30223  0  0.23698  -2.59965  0  
0.27  0.0663544  1.27525  0  0.23698  -2.69775  0  
0.28  0.0687242  1.24729  0  0.23698  -2.79585  0  
0.29  0.071094  1.21835  0  0.23698  -2.89395  0  
0.3  0.0734638  1.18843  0  0.23698  -2.99205  0  
0.31  0.0758336  1.15753  0  0.23698  -3.09015  0  
0.32  0.0782034  1.12565  0  0.23698  -3.18825  0  
0.33  0.0805732  1.09278  0  0.23698  -3.28635  0  
0.34  0.082943  1.05894  0  0.23698  -3.38445  0  
0.35  0.0853128  1.02411  0  0.23698  -3.48255  0  
0.36  0.0876826  0.988305  0  0.23698  -3.58065  0  
0.37  0.0900524  0.951518  0  0.23698  -3.67875  0  
0.38  0.0924222  0.913749  0  0.23698  -3.77685  0  
0.39  0.094792  0.875  0  0.23698  -3.87495  0  
0.4  0.0971618  0.835269  0  0.23698  -3.97305  0  
0.41  0.0995316  0.794558  0  0.23698  -4.07115  0  
0.42  0.101901  0.752865  0  0.23698  -4.16925  0  
0.43  0.104271  0.710192  0  0.23698  -4.26735  0  
0.44  0.106641  0.666537  0  0.23698  -4.36545  0  
0.45  0.109011  0.621902  0  0.23698  -4.46355  0  
0.46  0.111381  0.576285  0  0.23698  -4.56165  0  
0.47  0.11375  0.529688  0  0.23698  -4.65975  0  
0.48  0.11612  0.482109  0  0.23698  -4.75785  0  
0.49  0.11849  0.43355  0  0.23698  -4.85595  0  
0.5  0.12086  0.384009  0  0.23698  -4.95405  0  
0.51  0.12323  0.333488  0  0.23698  -5.05215  0  
0.52  0.125599  0.281985  0  0.23698  -5.15025  0  
0.53  0.127969  0.229502  0  0.23698  -5.24835  0  
0.54  0.130339  0.176507  0  0.23698  -5.29951  0  
0.55  0.132709  0.127525  0  0.23698  -4.89818  0  
0.56  0.135079  0.0867389  0  0.23698  -4.07863  0  
0.57  0.137448  0.0576306  0  0.23698  -2.91083  0  
0.58  0.139818  0.0426856  0  0.23698  -1.4945  0  
0.59  0.142188  0.04318  0  0.23698  0.0494355  0  
0.6  0.144558  0.0590715  0  0.23698  1.58915  0  
0.61  0.146928  0.0890033  0  0.23698  2.99318  0  
0.62  0.149297  0.13042  0  0.23698  4.14164  0  
0.63  0.151667  0.179784  0  0.23698  4.93648  0  
0.64  0.154037  0.232883  0  0.23698  5.30982  0  
0.65  0.156407  0.285181  0  0.23698  5.2298  0  
0.66  0.158777  0.336498  0  0.23698  5.1317  0  
0.67  0.161146  0.386834  0  0.23698  5.0336  0  
0.68  0.163516  0.436189  0  0.23698  4.9355  0  
0.69  0.165886  0.484563  0  0.23698  4.8374  0  
0.7  0.168256  0.531956  0  0.23698  4.7393  0  
0.71  0.170626  0.578368  0  0.23698  4.6412  0  
0.72  0.172995  0.623799  0  0.23698  4.5431  0  
0.73  0.175365  0.668249  0  0.23698  4.445  0  
0.74  0.177735  0.711718  0  0.23698  4.3469  0  
0.75  0.180105  0.754206  0  0.23698  4.2488  0  
0.76  0.182475  0.795713  0  0.23698  4.1507  0  
0.77  0.184844  0.836239  0  0.23698  4.0526  0  
0.78  0.187214  0.875784  0  0.23698  3.9545  0  
0.79  0.189584  0.914348  0  0.23698  3.8564  0  
0.8  0.191954  0.951931  0  0.23698  3.7583  0  
0.81  0.194324  0.988533  0  0.23698  3.6602  0  
0.82  0.196693  1.02415  0  0.23698  3.5621  0  
0.83  0.199063  1.05879  0  0.23698  3.464  0  
0.84  0.201433  1.09245  0  0.23698  3.3659  0  
0.85  0.203803  1.12513  0  0.23698  3.2678  0  
0.86  0.206173  1.15683  0  0.23698  3.1697  0  
0.87  0.208542  1.18754  0  0.23698  3.0716  0  
0.88  0.210912  1.21728  0  0.23698  2.9735  0  
0.89  0.213282  1.24603  0  0.23698  2.8754  0  
0.9  0.215652  1.27381  0  0.23698  2.7773  0  
0.91  0.218022  1.3006  0  0.23698  2.6792  0  
0.92  0.220391  1.32641  0  0.23698  2.5811  0  
0.93  0.222761  1.35124  0  0.23698  2.483  0  
0.94  0.225131  1.37509  0  0.23698  2.3849  0  
0.95  0.227501  1.39796  0  0.23698  2.2868  0  
0.96  0.229871  1.41984  0  0.23698  2.1887  0  
0.97  0.23224  1.44075  0  0.23698  2.0906  0  
0.98  0.23461  1.46067  0  0.23698  1.9925  0  
0.99  0.23698  1.47962  0  0.23698  1.8944  0  
1  0.23935  1.49758  0  0.23698  1.7963  0  
1.01  0.24172  1.51456  0  0.23698  1.6982  0  
1.02  0.244089  1.53056  0  0.23698  1.6001  0  
1.03  0.246459  1.54558  0  0.23698  1.502  0  
1.04  0.248829  1.55962  0  0.23698  1.4039  0  
1.05  0.251199  1.57268  0  0.23698  1.3058  0  
1.06  0.253569  1.58476  0  0.23698  1.2077  0  
1.07  0.255938  1.59585  0  0.23698  1.1096  0  
1.08  0.258308  1.60597  0  0.23698  1.0115  0  
1.09  0.260678  1.6151  0  0.23698  0.913401  0  
1.1  0.263048  1.62326  0  0.23698  0.815301  0  
1.11  0.265418  1.63043  0  0.23698  0.717201  0  
1.12  0.267787  1.63662  0  0.23698  0.619101  0  
1.13  0.270157  1.64183  0  0.23698  0.521001  0  
1.14  0.272527  1.64606  0  0.23698  0.422901  0  
1.15  0.274897  1.64931  0  0.23698  0.324801  0  
1.16  0.277267  1.65157  0  0.23698  0.226701  0  
1.17  0.279636  1.65286  0  0.23698  0.128601  0  
1.18  0.282006  1.65316  0  0.23698  0.0305014  0  
1.19  0.284376  1.65249  0  0.23698  -0.0675986  0  
1.2  0.286746  1.65083  0  0.23698  -0.165699  0  
1.21  0.289116  1.64819  0  0.23698  -0.263799  0  
1.22  0.291485  1.64457  0  0.23698  -0.361899  0  
1.23  0.293855  1.63997  0  0.23698  -0.459999  0  
1.24  0.296225  1.63439  0  0.23698  -0.558099  0  
1.25  0.298595  1.62783  0  0.23698  -0.656199  0  
1.26  0.300965  1.62029  0  0.23698  -0.754299  0  
1.27  0.303334  1.61176  0  0.23698  -0.852399  0  
1.28  0.305704  1.60226  0  0.23698  -0.950499  0  
1.29  0.308074  1.59177  0  0.23698  -1.0486  0  
1.3  0.310444  1.58031  0  0.23698  -1.1467  0  
1.31  0.312814  1.56786  0  0.23698  -1.2448  0  
1.32  0.315183  1.55443  0  0.23698  -1.3429  0  
1.33  0.317553  1.54002  0  0.23698  -1.441  0  
1.34  0.319923  1.52463  0  0.23698  -1.5391  0  
1.35  0.322293  1.50826  0  0.23698  -1.6372  0  
1.36  0.324663  1.4909  0  0.23698  -1.7353  0  
1.37  0.327032  1.47257  0  0.23698  -1.8334  0  
1.38  0.329402  1.45325  0  0.23698  -1.9315  0  
1.39  0.331772  1.43296  0  0.23698  -2.0296  0  
1.4  0.334142  1.41168  0  0.23698  -2.1277  0  
1.41  0.336512  1.38942  0  0.23698  -2.2258  0  
1.42  0.338881  1.36618  0  0.23698  -2.3239  0  
1.43  0.341251  1.34196  0  0.23698  -2.422  0  
1.44  0.343621  1.31676  0  0.23698  -2.5201  0  
1.45  0.345991  1.29058  0  0.23698  -2.6182  0  
1.46  0.348361  1.26342  0  0.23698  -2.7163  0  
1.47  0.35073  1.23527  0  0.23698  -2.8144  0  
1.48  0.3531  1.20615  0  0.23698  -2.9125  0  
1.49  0.35547  1.17604  0  0.23698  -3.0106  0  
1.5  0.35784  1.14496  0  0.23698  -3.1087  0  
1.51  0.36021  1.11289  0  0.23698  -3.2068  0  
1.52  0.362579  1.07984  0  0.23698  -3.3049  0  
1.53  0.364949  1.04581  0  0.23698  -3.403  0  
1.54  0.367319  1.0108  0  0.23698  -3.5011  0  
1.55  0.369689  0.974807  0  0.23698  -3.5992  0  
1.56  0.372059  0.937834  0  0.23698  -3.6973  0  
1.57  0.374428  0.89988  0  0.23698  -3.7954  0  
1.58  0.376798  0.860945  0  0.23698  -3.8935  0  
1.59  0.379168  0.821029  0  0.23698  -3.9916  0  
1.6  0.381538  0.780132  0  0.23698  -4.0897  0  
1.61  0.383908  0.738254  0  0.23698  -4.1878  0  
1.62  0.386277  0.695395  0  0.23698  -4.2859  0  
1.63  0.388647  0.651555  0  0.23698  -4.384  0  
1.64  0.391017  0.606734  0  0.23698  -4.4821  0  
1.65  0.393387  0.560932  0  0.23698  -4.5802  0  
1.66  0.395757  0.514149  0  0.23698  -4.6783  0  
1.67  0.398126  0.466385  0  0.23698  -4.7764  0  
1.68  0.400496  0.41764  0  0.23698  -4.8745  0  
1.69  0.402866  0.367914  0  0.23698  -4.9726  0  
1.7  0.405236  0.317207  0  0.23698  -5.0707  0  
1.71  0.407606  0.265519  0  0.23698  -5.1688  0  
1.72  0.409975  0.21285  0  0.23698  -5.2669  0  
1.73  0.412345  0.161091  0  0.23698  -5.17588  0  
1.74  0.414715  0.114662  0  0.23698  -4.64292  0  
1.75  0.417085  0.0775267  0  0.23698  -3.71355  0  
1.76  0.419455  0.0528558  0  0.23698  -2.46709  0  
1.77  0.421824  0.0427558  0  0.23698  -1.00999  0  
1.78  0.424194  0.0480892  0  0.23698  0.533342  0  
1.79  0.426564  0.0684006  0  0.23698  2.03114  0  
1.8  0.428934  0.101956  0  0.23698  3.35551  0  
1.81  0.431304  0.14589  0  0.23698  4.39338  0  
1.82  0.433673  0.196451  0  0.23698  5.05613  0  
1.83  0.436043  0.249323  0  0.23698  5.28718  0  
1.84  0.438413  0.301213  0  0.23698  5.18908  0  
1.85  0.440783  0.352123  0  0.23698  5.09098  0  
1.86  0.443153  0.402052  0  0.23698  4.99288  0  
1.87  0.445522  0.451  0  0.23698  4.89478  0  
1.88  0.447892  0.498966  0  0.23698  4.79668  0  
1.89  0.450262  0.545952  0  0.23698  4.69858  0  
1.9  0.452632  0.591957  0  0.23698  4.60048  0  
1.91  0.455002  0.636981  0  0.23698  4.50238  0  
1.92  0.457371  0.681023  0  0.23698  4.40428  0  
1.93  0.459741  0.724085  0  0.23698  4.30618  0  
1.94  0.462111  0.766166  0  0.23698  4.20808  0  
1.95  0.464481  0.807266  0  0.23698  4.10998  0  
1.96  0.466851  0.847384  0  0.23698  4.01188  0  
1.97  0.46922  0.886522  0  0.23698  3.91378  0  
1.98  0.47159  0.924679  0  0.23698  3.81568  0  
1.99  0.47396  0.961855  0  0.23698  3.71758  0  
2  0.47633  0.998049  0  0.23698  3.61948  0  
2.01  0.4787  1.03326  0  0.23698  3.52138  0  
2.02  0.481069  1.0675  0  0.23698  3.42328  0  
2.03  0.483439  1.10075  0  0.23698  3.32518  0  
2.04  0.485809  1.13302  0  0.23698  3.22708  0  
2.05  0.488179  1.16431  0  0.23698  3.12898  0  
2.06  0.490549  1.19462  0  0.23698  3.03088  0  
2.07  0.492918  1.22394  0  0.23698  2.93278  0  
2.08  0.495288  1.25229  0  0.23698  2.83468  0  
2.09  0.497658  1.27966  0  0.23698  2.73658  0  
2.1  0.500028  1.30604  0  0.23698  2.63848  0  
2.11  0.502398  1.33145  0  0.23698  2.54038  0  
2.12  0.504767  1.35587  0  0.23698  2.44228  0  
2.13  0.507137  1.37931  0  0.23698  2.34418  0  
2.14  0.509507  1.40177  0  0.23698  2.24608  0  
2.15  0.511877  1.42325  0  0.23698  2.14798  0  
2.16  0.514247  1.44375  0  0.23698  2.04988  0  
2.17  0.516616  1.46327  0  0.23698  1.95178  0  
2.18  0.518986  1.4818  0  0.23698  1.85368  0  
2.19  0.521356  1.49936  0  0.23698  1.75558  0  
2.2  0.523726  1.51593  0  0.23698  1.65748  0  
2.21  0.526096  1.53153  0  0.23698  1.55938  0  
2.22  0.528465  1.54614  0  0.23698  1.46128  0  
2.23  0.530835  1.55977  0  0.23698  1.36318  0  
2.24  0.533205  1.57242  0  0.23698  1.26508  0  
2.25  0.535575  1.58409  0  0.23698  1.16698  0  
2.26  0.537945  1.59478  0  0.23698  1.06888  0  
2.27  0.540314  1.60449  0  0.23698  0.970775  0  
2.28  0.542684  1.61322  0  0.23698  0.872675  0  
2.29  0.545054  1.62096  0  0.23698  0.774575  0  
2.3  0.547424  1.62773  0  0.23698  0.676475  0  
2.31  0.549794  1.63351  0  0.23698  0.578375  0  
2.32  0.552163  1.63831  0  0.23698  0.480275  0  
2.33  0.554533  1.64214  0  0.23698  0.382175  0  
2.34  0.556903  1.64498  0  0.23698  0.284075  0  
2.35  0.559273  1.64684  0  0.23698  0.185975  0  
2.36  0.561643  1.64771  0  0.23698  0.0878753  0  
2.37  0.564012  1.64761  0  0.23698  -0.0102247  0  
2.38  0.566382  1.64653  0  0.23698  -0.108325  0  
2.39  0.568752  1.64446  0  0.23698  -0.206425  0  
2.4  0.571122  1.64142  0  0.23698  -0.304525  0  
2.41  0.573492  1.63739  0  0.23698  -0.402625  0  
2.42  0.575861  1.63239  0  0.23698  -0.500725  0  
2.43  0.578231  1.6264  0  0.23698  -0.598825  0  
2.44  0.580601  1.61943  0  0.23698  -0.696925  0  
2.45  0.582971  1.61148  0  0.23698  -0.795025  0  
2.46  0.585341  1.60255  0  0.23698  -0.893125  0  
2.47  0.58771  1.59263  0  0.23698  -0.991225  0  
2.48  0.59008  1.58174  0  0.23698  -1.08932  0  
2.49  0.59245  1.56987  0  0.23698  -1.18742  0  
2.5  0.59482  1.55701  0  0.23698  -1.28552  0  
2.51  0.59719  1.54318  0  0.23698  -1.38362  0  
2.52  0.599559  1.52836  0  0.23698  -1.48172  0  
2.53  0.601929  1.51256  0  0.23698  -1.57982  0  
2.54  0.604299  1.49578  0  0.23698  -1.67792  0  
2.55  0.606669  1.47802  0  0.23698  -1.77602  0  
2.56  0.609039  1.45928  0  0.23698  -1.87412  0  
2.57  0.611408  1.43956  0  0.23698  -1.97222  0  
2.58  0.613778  1.41885  0  0.23698  -2.07032  0  
2.59  0.616148  1.39717  0  0.23698  -2.16842  0  
2.6  0.618518  1.3745  0  0.23698  -2.26652  0  
2.61  0.620888  1.35086  0  0.23698  -2.36462  0  
2.62  0.623257  1.32623  0  0.23698  -2.46272  0  
2.63  0.625627  1.30062  0  0.23698  -2.56082  0  
2.64  0.627997  1.27403  0  0.23698  -2.65892  0  
2.65  0.630367  1.24646  0  0.23698  -2.75702  0  
2.66  0.632737  1.21791  0  0.23698  -2.85512  0  
2.67  0.635106  1.18838  0  0.23698  -2.95322  0  
2.68  0.637476  1.15787  0  0.23698  -3.05132  0  
2.69  0.639846  1.12637  0  0.23698  -3.14942  0  
2.7  0.642216  1.0939  0  0.23698  -3.24752  0  
2.71  0.644586  1.06044  0  0.23698  -3.34562  0  
2.72  0.646955  1.026  0  0.23698  -3.44372  0  
2.73  0.649325  0.990585  0  0.23698  -3.54182  0  
2.74  0.651695  0.954186  0  0.23698  -3.63992  0  
2.75  0.654065  0.916806  0  0.23698  -3.73802  0  
2.76  0.656435  0.878445  0  0.23698  -3.83612  0  
2.77  0.658804  0.839102  0  0.23698  -3.93422  0  
2.78  0.661174  0.798779  0  0.23698  -4.03232  0  
2.79  0.663544  0.757475  0  0.23698  -4.13042  0  
2.8  0.665914  0.71519  0  0.23698  -4.22852  0  
2.81  0.668206  0.671923  0  0.229178  -4.32662  0  
2.82  0.670224  0.627676  0  0.201808  -4.42472  0  
2.83  0.671796  0.582448  0  0.157207  -4.52282  0  
2.84  0.672788  0.536239  0  0.0991828  -4.62092  0  
2.85  0.673114  0.489048  0  0.0326905  -4.71902  0  
2.86  0.672749  0.440877  0  -0.036593  -4.81712  0  
2.87  0.671721  0.391725  0  -0.102752  -4.91522  0  
2.88  0.67012  0.341592  0  -0.160138  -5.01332  0  
2.89  0.668081  0.290477  0  -0.203851  -5.11142  0  
2.9  0.66578  0.238382  0  -0.230158  -5.20952  0  
2.91  0.663411  0.185306  0  -0.236814  -5.30762  0  
2.92  0.661043  0.135492  0  -0.236814  -4.98142  0  
2.93  0.658675  0.0931928  0  -0.236814  -4.22989  0  
2.94  0.656307  0.0620208  0  -0.236814  -3.1172  0  
2.95  0.653939  0.0446372  0  -0.236814  -1.73836  0  
2.96  0.651571  0.0425264  0  -0.236814  -0.211084  0  
2.97  0.649203  0.0558685  0  -0.236814  1.33421  0  
2.98  0.646834  0.0835243  0  -0.236814  2.76559  0  
2.99  0.644466  0.123133  0  -0.236814  3.96083  0  
3  0.642098  0.171311  0  -0.236814  4.81788  0  
3.01  0.63973  0.223947  0  -0.236814  5.26358  0  
3.02  0.637362  0.276546  0  -0.236814  5.25985  0  
3.03  0.634994  0.328163  0  -0.236814  5.16175  0  
3.04  0.632626  0.3788  0  -0.236814  5.06365  0  
3.05  0.630257  0.428455  0  -0.236814  4.96555  0  
3.06  0.627889  0.47713  0  -0.236814  4.86745  0  
3.07  0.625521  0.524823  0  -0.236814  4.76935  0  
3.08  0.623153  0.571536  0  -0.236814  4.67125  0  
3.09  0.620785  0.617267  0  -0.236814  4.57315  0  
3.1  0.618417  0.662017  0  -0.236814  4.47505  0  
3.11  0.616049  0.705787  0  -0.236814  4.37695  0  
3.12  0.61368  0.748575  0  -0.236814  4.27885  0  
3.13  0.611312  0.790383  0  -0.236814  4.18075  0  
3.14  0.608944  0.831209  0  -0.236814  4.08265  0  
3.15  0.606576  0.871055  0  -0.236814  3.98455  0  
3.16  0.604208  0.909919  0  -0.236814  3.88645  0  
3.17  0.60184  0.947803  0  -0.236814  3.78835  0  
3.18  0.599472  0.984705  0  -0.236814  3.69025  0  
3.19  0.597103  1.02063  0  -0.236814  3.59215  0  
3.2  0.594735  1.05557  0  -0.236814  3.49405  0  
3.21  0.592367  1.08953  0  -0.236814  3.39595  0  
3.22  0.589999  1.12251  0  -0.236814  3.29785  0  
3.23  0.587631  1.1545  0  -0.236814  3.19975  0  
3.24  0.585263  1.18552  0  -0.236814  3.10165  0  
3.25  0.582895  1.21555  0  -0.236814  3.00355  0  
3.26  0.580526  1.24461  0  -0.236814  2.90545  0  
3.27  0.578158  1.27268  0  -0.236814  2.80735  0  
3.28  0.57579  1.29977  0  -0.236814  2.70925  0  
3.29  0.573422  1.32589  0  -0.236814  2.61115  0  
3.3  0.571054  1.35102  0  -0.236814  2.51305  0  
3.31  0.568686  1.37517  0  -0.236814  2.41495  0  
3.32  0.566318  1.39833  0  -0.236814  2.31685  0  
3.33  0.56395  1.42052  0  -0.236814  2.21875  0  
3.34  0.561581  1.44173  0  -0.236814  2.12065  0  
3.35  0.559213  1.46195  0  -0.236814  2.02255  0  
3.36  0.556845  1.4812  0  -0.236814  1.92445  0  
3.37  0.554477  1.49946  0  -0.236814  1.82635  0  
3.38  0.552109  1.51674  0  -0.236814  1.72825  0  
3.39  0.549741  1.53305  0  -0.236814  1.63015  0  
3.4  0.547373  1.54837  0  -0.236814  1.53205  0  
3.41  0.545004  1.56271  0  -0.236814  1.43395  0  
3.42  0.542636  1.57606  0  -0.236814  1.33585  0  
3.43  0.540268  1.58844  0  -0.236814  1.23775  0  
3.44  0.5379  1.59984  0  -0.236814  1.13965  0  
3.45  0.535532  1.61025  0  -0.236814  1.04155  0  
3.46  0.533164  1.61969  0  -0.236814  0.943447  0  
3.47  0.530796  1.62814  0  -0.236814  0.845347  0  
3.48  0.528427  1.63561  0  -0.236814  0.747247  0  
3.49  0.526059  1.64211  0  -0.236814  0.649147  0  
3.5  0.523691  1.64762  0  -0.236814  0.551047  0  
3.51  0.521323  1.65215  0  -0.236814  0.452947  0  
3.52  0.518955  1.65569  0  -0.236814  0.354847  0  
3.53  0.516587  1.65826  0  -0.236814  0.256747  0  
3.54  0.514219  1.65985  0  -0.236814  0.158647  0  
3.55  0.51185  1.66045  0  -0.236814  0.0605471  0  
3.56  0.509482  1.66008  0  -0.236814  -0.0375529  0  
3.57  0.507114  1.65872  0  -0.236814  -0.135653  0  
3.58  0.504746  1.65638  0  -0.236814  -0.233753  0  
3.59  0.502378  1.65307  0  -0.236814  -0.331853  0  
3.6  0.50001  1.64877  0  -0.236814  -0.429953  0  
3.61  0.497642  1.64349  0  -0.236814  -0.528053  0  
3.62  0.495273  1.63722  0  -0.236814  -0.626153  0  
3.63  0.492905  1.62998  0  -0.236814  -0.724253  0  
3.64  0.490537  1.62176  0  -0.236814  -0.822353  0  
3.65  0.488169  1.61255  0  -0.236814  -0.920453  0  
3.66  0.485801  1.60237  0  -0.236814  -1.01855  0  
3.67  0.483433  1.5912  0  -0.236814  -1.11665  0  
3.68  0.481065  1.57905  0  -0.236814  -1.21475  0  
3.69  0.478696  1.56593  0  -0.236814  -1.31285  0  
3.7  0.476328  1.55182  0  -0.236814  -1.41095  0  
3.71  0.47396  1.53673  0  -0.236814  -1.50905  0  
3.72  0.471592  1.52065  0  -0.236814  -1.60715  0  
3.73  0.469224  1.5036  0  -0.236814  -1.70525  0  
3.74  0.466856  1.48557  0  -0.236814  -1.80335  0  
3.75  0.464488  1.46655  0  -0.236814  -1.90145  0  
3.76  0.46212  1.44656  0  -0.236814  -1.99955  0  
3.77  0.459751  1.42558  0  -0.236814  -2.09765  0  
3.78  0.457383  1.40362  0  -0.236814  -2.19575  0  
3.79  0.455015  1.38069  0  -0.236814  -2.29385  0  
3.8  0.452647  1.35677  0  -0.236814  -2.39195  0  
3.81  0.450279  1.33186  0  -0.236814  -2.49005  0  
3.82  0.447911  1.30598  0  -0.236814  -2.58815  0  
3.83  0.445543  1.27912  0  -0.236814  -2.68625  0  
3.84  0.443174  1.25128  0  -0.236814  -2.78435  0  
3.85  0.440806  1.22245  0  -0.236814  -2.88245  0  
3.86  0.438438  1.19265  0  -0.236814  -2.98055  0  
3.87  0.43607  1.16186  0  -0.236814  -3.07865  0  
3.88  0.433702  1.13009  0  -0.236814  -3.17675  0  
3.89  0.431334  1.09734  0  -0.236814  -3.27485  0  
3.9  0.428966  1.06362  0  -0.236814  -3.37295  0  
3.91  0.426597  1.0289  0  -0.236814  -3.47105  0  
3.92  0.424229  0.993213  0  -0.236814  -3.56915  0  
3.93  0.421861  0.956541  0  -0.236814  -3.66725  0  
3.94  0.419493  0.918887  0  -0.236814  -3.76535  0  
3.95  0.417125  0.880253  0  -0.236814  -3.86345  0  
3.96  0.414757  0.840637  0  -0.236814  -3.96155  0  
3.97  0.412389  0.80004  0  -0.236814  -4.05965  0  
3.98  0.41002  0.758463  0  -0.236814  -4.15775  0  
3.99  0.407652  0.715904  0  -0.236814  -4.25585  0  
4  0.405284  0.672365  0  -0.236814  -4.35395  0  
4.01  0.402916  0.627844  0  -0.236814  -4.45205  0  
4.02  0.400548  0.582343  0  -0.236814  -4.55015  0  
4.03  0.39818  0.53586  0  -0.236814  -4.64825  0  
4.04  0.395812  0.488397  0  -0.236814  -4.74635  0  
4.05  0.393443  0.439952  0  -0.236814  -4.84445  0  
4.06  0.391075  0.390527  0  -0.236814  -4.94255  0  
4.07  0.388707  0.34012  0  -0.236814  -5.04065  0  
4.08  0.386339  0.288733  0  -0.236814  -5.13875  0  
4.09  0.383971  0.236364  0  -0.236814  -5.23685  0  
4.1  0.381603  0.183015  0  -0.236814  -5.33495  0  
4.11  0.379235  0.133123  0  -0.236814  -4.98919  0  
4.12  0.376866  0.0909485  0  -0.236814  -4.21743  0  
4.13  0.374498  0.0600927  0  -0.236814  -3.08558  0  
4.14  0.37213  0.04319  0  -0.236814  -1.69027  0  
4.15  0.369762  0.0416836  0  -0.236814  -0.15064  0  
4.16  0.367394  0.0557021  0  -0.236814  1.40185  0  
4.17  0.365026  0.0840486  0  -0.236814  2.83465  0  
4.18  0.362658  0.124303  0  -0.236814  4.02541  0  
4.19  0.360289  0.173028  0  -0.236814  4.87248  0  
4.2  0.357921  0.226063  0  -0.236814  5.30352  0  
4.21  0.355553  0.27888  0  -0.236814  5.28173  0  
4.22  0.353185  0.330716  0  -0.236814  5.18363  0  
4.23  0.350817  0.381571  0  -0.236814  5.08553  0  
4.24  0.348449  0.431446  0  -0.236814  4.98743  0  
4.25  0.346081  0.480339  0  -0.236814  4.88933  0  
4.26  0.343713  0.528251  0  -0.236814  4.79123  0  
4.27  0.341344  0.575183  0  -0.236814  4.69313  0  
4.28  0.338976  0.621133  0  -0.236814  4.59503  0  
4.29  0.336608  0.666102  0  -0.236814  4.49693  0  
4.3  0.33424  0.71009  0  -0.236814  4.39883  0  
4.31  0.331872  0.753098  0  -0.236814  4.30073  0  
4.32  0.329504  0.795124  0  -0.236814  4.20263  0  
4.33  0.327136  0.836169  0  -0.236814  4.10453  0  
4.34  0.324767  0.876233  0  -0.236814  4.00643  0  
4.35  0.322399  0.915317  0  -0.236814  3.90833  0  
4.36  0.320031  0.953419  0  -0.236814  3.81023  0  
4.37  0.317663  0.99054  0  -0.236814  3.71213  0  
4.38  0.315295  1.02668  0  -0.236814  3.61403  0  
4.39  0.312927  1.06184  0  -0.236814  3.51593  0  
4.4  0.310559  1.09602  0  -0.236814  3.41783  0  
4.41  0.30819  1.12922  0  -0.236814  3.31973  0  
4.42  0.305822  1.16143  0  -0.236814  3.22163  0  
4.43  0.303454  1.19267  0  -0.236814  3.12353  0  
4.44  0.301086  1.22292  0  -0.236814  3.02543  0  
4.45  0.298718  1.25219  0  -0.236814  2.92733  0  
4.46  0.29635  1.28049  0  -0.236814  2.82923  0  
4.47  0.293982  1.3078  0  -0.236814  2.73113  0  
4.48  0.291613  1.33413  0  -0.236814  2.63303  0  
4.49  0.289245  1.35948  0  -0.236814  2.53493  0  
4.5  0.286877  1.38385  0  -0.236814  2.43683  0  
4.51  0.284509  1.40723  0  -0.236814  2.33873  0  
4.52  0.282141  1.42964  0  -0.236814  2.24063  0  
4.53  0.279773  1.45106  0  -0.236814  2.14253  0  
4.54  0.277405  1.47151  0  -0.236814  2.04443  0  
4.55  0.275036  1.49097  0  -0.236814  1.94633  0  
4.56  0.272668  1.50945  0  -0.236814  1.84823  0  
4.57  0.2703  1.52696  0  -0.236814  1.75013  0  
4.58  0.267932  1.54348  0  -0.236814  1.65203  0  
4.59  0.265564  1.55902  0  -0.236814  1.55393  0  
4.6  0.263196  1.57357  0  -0.236814  1.45583  0  
4.61  0.260828  1.58715  0  -0.236814  1.35773  0  
4.62  0.258459  1.59975  0  -0.236814  1.25963  0  
4.63  0.256091  1.61136  0  -0.236814  1.16153  0  
4.64  0.253723  1.622  0  -0.236814  1.06343  0  
4.65  0.251355  1.63165  0  -0.236814  0.965327  0  
4.66  0.248987  1.64032  0  -0.236814  0.867227  0  
4.67  0.246619  1.64801  0  -0.236814  0.769127  0  
4.68  0.244251  1.65472  0  -0.236814  0.671027  0  
4.69  0.241882  1.66045  0  -0.236814  0.572927  0  
4.7  0.239514  1.6652  0  -0.236814  0.474827  0  
4.71  0.237146  1.66897  0  -0.236814  0.376727  0  
4.72  0.234778  1.67175  0  -0.236814  0.278627  0  
4.73  0.23241  1.67356  0  -0.236814  0.180527  0  
4.74  0.230042  1.67438  0  -0.236814  0.0824266  0  
4.75  0.227674  1.67423  0  -0.236814  -0.0156734  0  
4.76  0.225306  1.67309  0  -0.236814  -0.113773  0  
4.77  0.222937  1.67097  0  -0.236814  -0.211873  0  
4.78  0.220569  1.66787  0  -0.236814  -0.309973  0  
4.79  0.218201  1.66379  0  -0.236814  -0.408073  0  
4.8  0.215833  1.65873  0  -0.236814  -0.506173  0  
4.81  0.213465  1.65269  0  -0.236814  -0.604273  0  
4.82  0.211097  1.64566  0  -0.236814  -0.702373  0  
4.83  0.208729  1.63766  0  -0.236814  -0.800473  0  
4.84  0.20636  1.62867  0  -0.236814  -0.898573  0  
4.85  0.203992  1.6187  0  -0.236814  -0.996673  0  
4.86  0.201624  1.60776  0  -0.236814  -1.09477  0  
4.87  0.199256  1.59583  0  -0.236814  -1.19287  0  
4.88  0.196888  1.58292  0  -0.236814  -1.29097  0  
4.89  0.19452  1.56903  0  -0.236814  -1.38907  0  
4.9  0.192152  1.55416  0  -0.236814  -1.48717  0  
4.91  0.189783  1.5383  0  -0.236814  -1.58527  0  
4.92  0.187415  1.52147  0  -0.236814  -1.68337  0  
4.93  0.185047  1.50366  0  -0.236814  -1.78147  0  
4.94  0.182679  1.48486  0  -0.236814  -1.87957  0  
4.95  0.180311  1.46508  0  -0.236814  -1.97767  0  
4.96  0.177943  1.44432  0  -0.236814  -2.07577  0  
4.97  0.175575  1.42259  0  -0.236814  -2.17387  0  
4.98  0.173206  1.39987  0  -0.236814  -2.27197  0  
4.99  0.170838  1.37617  0  -0.236814  -2.37007  0  
5  0.16847  1.35148  0  -0.236814  -2.46817  0  
5.01  0.166102  1.32582  0  -0.236814  -2.56627  0  
5.02  0.163734  1.29918  0  -0.236814  -2.66437  0  
5.03  0.161366  1.27155  0  -0.236814  -2.76247  0  
5.04  0.158998  1.24295  0  -0.236814  -2.86057  0  
5.05  0.156629  1.21336  0  -0.236814  -2.95867  0  
5.06  0.154261  1.18279  0  -0.236814  -3.05677  0  
5.07  0.151893  1.15124  0  -0.236814  -3.15487  0  
5.08  0.149525  1.11871  0  -0.236814  -3.25297  0  
5.09  0.147157  1.0852  0  -0.236814  -3.35107  0  
5.1  0.144789  1.05071  0  -0.236814  -3.44917  0  
5.11  0.142421  1.01524  0  -0.236814  -3.54727  0  
5.12  0.140052  0.978785  0  -0.236814  -3.64537  0  
5.13  0.137684  0.94135  0  -0.236814  -3.74347  0  
5.14  0.135316  0.902935  0  -0.236814  -3.84157  0  
5.15  0.132948  0.863538  0  -0.236814  -3.93967  0  
5.16  0.13058  0.82316  0  -0.236814  -4.03777  0  
5.17  0.128212  0.781801  0  -0.236814  -4.13587  0  
5.18  0.125844  0.739462  0  -0.236814  -4.23397  0  
5.19  0.123476  0.696141  0  -0.236814  -4.33207  0  
5.2  0.121107  0.651839  0  -0.236814  -4.43017  0  
5.21  0.118739  0.606557  0  -0.236814  -4.52827  0  
5.22  0.116371  0.560293  0  -0.236814  -4.62637  0  
5.23  0.114003  0.513048  0  -0.236814  -4.72447  0  
5.24  0.111635  0.464822  0  -0.236814  -4.82257  0  
5.25  0.109267  0.415616  0  -0.236814  -4.92067  0  
5.26  0.106899  0.365428  0  -0.236814  -5.01877  0  
5.27  0.10453  0.314259  0  -0.236814  -5.11687  0  
5.28  0.102162  0.262109  0  -0.236814  -5.21497  0  
5.29  0.0997941  0.208979  0  -0.236814  -5.31307  0  
5.3  0.097426  0.157089  0  -0.236814  -5.189  0  
5.31  0.0950578  0.11087  0  -0.236814  -4.62187  0  
5.32  0.0926897  0.0742689  0  -0.236814  -3.66011  0  
5.33  0.0903215  0.0504105  0  -0.236814  -2.38584  0  
5.34  0.0879534  0.0413319  0  -0.236814  -0.907864  0  
5.35  0.0855853  0.0478082  0  -0.236814  0.64763  0  
5.36  0.0832171  0.0692864  0  -0.236814  2.14783  0  
5.37  0.080849  0.103933  0  -0.236814  3.46464  0  
5.38  0.0784808  0.148789  0  -0.236814  4.48563  0  
5.39  0.0761127  0.200025  0  -0.236814  5.12362  0  
5.4  0.0737446  0.253267  0  -0.236814  5.32414  0  
5.41  0.0713764  0.305527  0  -0.236814  5.22604  0  
5.42  0.0690083  0.356807  0  -0.236814  5.12794  0  
5.43  0.0666401  0.407105  0  -0.236814  5.02984  0  
5.44  0.064272  0.456422  0  -0.236814  4.93174  0  
5.45  0.0619039  0.504759  0  -0.236814  4.83364  0  
5.46  0.0595357  0.552114  0  -0.236814  4.73554  0  
5.47  0.0571676  0.598489  0  -0.236814  4.63744  0  
5.48  0.0547994  0.643882  0  -0.236814  4.53934  0  
5.49  0.0524313  0.688295  0  -0.236814  4.44124  0  
5.5  0.0500632  0.731726  0  -0.236814  4.34314  0  
5.51  0.047695  0.774177  0  -0.236814  4.24504  0  
5.52  0.0453269  0.815646  0  -0.236814  4.14694  0  
5.53  0.0429587  0.856134  0  -0.236814  4.04884  0  
5.54  0.0405906  0.895642  0  -0.236814  3.95074  0  
5.55  0.0382225  0.934168  0  -0.236814  3.85264  0  
5.56  0.0358543  0.971714  0  -0.236814  3.75454  0  
5.57  0.0334862  1.00828  0  -0.236814  3.65644  0  
5.58  0.031118  1.04386  0  -0.236814  3.55834  0  
5.59  0.0287499  1.07846  0  -0.236814  3.46024  0  
5.6  0.0263818  1.11209  0  -0.236814  3.36214  0  
5.61  0.0240136  1.14473  0  -0.236814  3.26404  0  
5.62  0.0216455  1.17639  0  -0.236814  3.16594  0  
5.63  0.0192774  1.20706  0  -0.236814  3.06784  0  
5.64  0.0169092  1.23676  0  -0.236814  2.96974  0  
5.65  0.0145411  1.26548  0  -0.236814  2.87164  0  
5.66  0.0121729  1.29321  0  -0.236814  2.77354  0  
5.67  0.00980479  1.31997  0  -0.236814  2.67544  0  
5.68  0.00743665  1.34574  0  -0.236814  2.57734  0  
5.69  0.00506851  1.37053  0  -0.236814  2.47924  0  
5.7  0.00270037  1.39434  0  -0.236814  2.38114  0  
5.71  0.000332232  1.41718  0  -0.236814  2.28304  0  
5.72  -0.00203591  1.43902  0  -0.236814  2.18494  0  
5.73  -0.00440405  1.45989  0  -0.236814  2.08684  0  
5.74  -0.00677219  1.47978  0  -0.236814  1.98874  0  
5.75  -0.00914033  1.49869  0  -0.236814  1.89064  0  
5.76  -0.0115085  1.51661  0  -0.236814  1.79254  0  
5.77  -0.0138766  1.53356  0  -0.236814  1.69444  0  
5.78  -0.0162447  1.54952  0  -0.236814  1.59634  0  
5.79  -0.0185066  1.5645  0  -0.226186  1.49824  0  
5.8  -0.0204691  1.5785  0  -0.196246  1.40014  0  
5.81  -0.0219646  1.59152  0  -0.149549  1.30204  0  
5.82  -0.0228654  1.60356  0  -0.0900838  1.20394  0  
5.83  -0.0230947  1.61462  0  -0.0229268  1.10584  0  
5.84  -0.0226328  1.6247  0  0.0461877  1.00774  0  
5.85  -0.0215192  1.6338  0  0.111359  0.909644  0  
5.86  -0.019849  1.64191  0  0.167021  0.811544  0  
5.87  -0.0177648  1.64905  0  0.208423  0.713444  0  
5.88  -0.0154445  1.6552  0  0.23203  0.615344  0  
5.89  -0.0130862  1.66037  0  0.235824  0.517244  0  
5.9  -0.010728  1.66456  0  0.235824  0.419144  0  
5.91  -0.00836972  1.66777  0  0.235824  0.321044  0  
5.92  -0.00601148  1.67  0  0.235824  0.222944  0  
5.93  -0.00365323  1.67125  0  0.235824  0.124844  0  
5.94  -0.00129499  1.67152  0  0.235824  0.0267437  0  
5.95  0.00106326  1.67081  0  0.235824  -0.0713563  0  
5.96  0.0034215  1.66911  0  0.235824  -0.169456  0  
5.97  0.00577975  1.66644  0  0.235824  -0.267556  0  
5.98  0.00813799  1.66278  0  0.235824  -0.365656  0  
5.99  0.0104962  1.65814  0  0.235824  -0.463756  0  
6  0.0128545  1.65252  0  0.235824  -0.561856  0  
6.01  0.0152127  1.64592  0  0.235824  -0.659956  0  
6.02  0.017571  1.63834  0  0.235824  -0.758056  0  
6.03  0.0199292  1.62978  0  0.235824  -0.856156  0  
6.04  0.0222875  1.62024  0  0.235824  -0.954256  0  
6.05  0.0246457  1.60972  0  0.235824  -1.05236  0  
6.06  0.027004  1.59821  0  0.235824  -1.15046  0  
6.07  0.0293622  1.58573  0  0.235824  -1.24856  0  
6.08  0.0317204  1.57226  0  0.235824  -1.34666  0  
6.09  0.0340787  1.55781  0  0.235824  -1.44476  0  
6.1  0.0364369  1.54238  0  0.235824  -1.54286  0  
6.11  0.0387952  1.52597  0  0.235824  -1.64096  0  
6.12  0.0411534  1.50858  0  0.235824  -1.73906  0  
6.13  0.0435117  1.49021  0  0.235824  -1.83716  0  
6.14  0.0458699  1.47086  0  0.235824  -1.93526  0  
6.15  0.0482282  1.45052  0  0.235824  -2.03336  0  
6.16  0.0505864  1.42921  0  0.235824  -2.13146  0  
6.17  0.0529446  1.40691  0  0.235824  -2.22956  0  
6.18  0.0553029  1.38364  0  0.235824  -2.32766  0  
6.19  0.0576611  1.35938  0  0.235824  -2.42576  0  
6.2  0.0600194  1.33414  0  0.235824  -2.52386  0  
6.21  0.0623776  1.30792  0  0.235824  -2.62196  0  
6.22  0.0647359  1.28072  0  0.235824  -2.72006  0  
6.23  0.0670941  1.25254  0  0.235824  -2.81816  0  
6.24  0.0694524  1.22338  0  0.235824  -2.91626  0  
6.25  0.0718106  1.19323  0  0.235824  -3.01436  0  
6.26  0.0741688  1.16211  0  0.235824  -3.11246  0  
6.27  0.0765271  1.13  0  0.235824  -3.21056  0  
6.28  0.0788853  1.09692  0  0.235824  -3.30866  0  
6.29  0.0812436  1.06285  0  0.235824  -3.40676  0  
6.3  0.0836018  1.0278  0  0.235824  -3.50486  0  
6.31  0.0859601  0.991772  0  0.235824  -3.60296  0  
6.32  0.0883183  0.954761  0  0.235824  -3.70106  0  
6.33  0.0906766  0.916769  0  0.235824  -3.79916  0  
6.34  0.0930348  0.877797  0  0.235824  -3.89726  0  
6.35  0.095393  0.837843  0  0.235824  -3.99536  0  
6.36  0.0977513  0.796909  0  0.235824  -4.09346  0  
6.37  0.10011  0.754993  0  0.235824  -4.19156  0  
6.38  0.102468  0.712097  0  0.235824  -4.28966  0  
6.39  0.104826  0.668219  0  0.235824  -4.38776  0  
6.4  0.107184  0.62336  0  0.235824  -4.48586  0  
6.41  0.109543  0.577521  0  0.235824  -4.58396  0  
6.42  0.111901  0.5307  0  0.235824  -4.68206  0  
6.43  0.114259  0.482899  0  0.235824  -4.78016  0  
6.44  0.116617  0.434116  0  0.235824  -4.87826  0  
6.45  0.118975  0.384353  0  0.235824  -4.97636  0  
6.46  0.121334  0.333608  0  0.235824  -5.07446  0  
6.47  0.123692  0.281882  0  0.235824  -5.17256  0  
6.48  0.12605  0.229176  0  0.235824  -5.27066  0  
6.49  0.128408  0.175986  0  0.235824  -5.31903  0  
6.5  0.130767  0.126853  0  0.235824  -4.91325  0  
6.51  0.133125  0.0859736  0  0.235824  -4.08796  0  
6.52  0.135483  0.0568373  0  0.235824  -2.91363  0  
6.53  0.137841  0.041932  0  0.235824  -1.49052  0  
6.54  0.1402  0.0425305  0  0.235824  0.0598445  0  
6.55  0.142558  0.0585815  0  0.235824  1.6051  0  
6.56  0.144916  0.0887147  0  0.235824  3.01332  0  
6.57  0.147274  0.130357  0  0.235824  4.16424  0  
6.58  0.149633  0.179953  0  0.235824  4.95961  0  
6.59  0.151991  0.233268  0  0.235824  5.33152  0  
6.6  0.154349  0.28575  0  0.235824  5.2482  0  
6.61  0.156707  0.337251  0  0.235824  5.1501  0  
6.62  0.159066  0.387771  0  0.235824  5.052  0  
6.63  0.161424  0.43731  0  0.235824  4.9539  0  
6.64  0.163782  0.485868  0  0.235824  4.8558  0  
6.65  0.16614  0.533446  0  0.235824  4.7577  0  
6.66  0.168499  0.580042  0  0.235824  4.6596  0  
6.67  0.170857  0.625657  0  0.235824  4.5615  0  
6.68  0.173215  0.670291  0  0.235824  4.4634  0  
6.69  0.175573  0.713944  0  0.235824  4.3653  0  
6.7  0.177932  0.756616  0  0.235824  4.2672  0  
6.71  0.18029  0.798307  0  0.235824  4.1691  0  
6.72  0.182648  0.839017  0  0.235824  4.071  0  
6.73  0.185006  0.878746  0  0.235824  3.9729  0  
6.74  0.187365  0.917494  0  0.235824  3.8748  0  
6.75  0.189723  0.955261  0  0.235824  3.7767  0  
6.76  0.192081  0.992047  0  0.235824  3.6786  0  
6.77  0.194439  1.02785  0  0.235824  3.5805  0  
6.78  0.196798  1.06268  0  0.235824  3.4824  0  
6.79  0.199156  1.09652  0  0.235824  3.3843  0  
6.8  0.201514  1.12938  0  0.235824  3.2862  0  
6.81  0.203872  1.16126  0  0.235824  3.1881  0  
6.82  0.206231  1.19216  0  0.235824  3.09  0  
6.83  0.208589  1.22208  0  0.235824  2.9919  0  
6.84  0.210947  1.25102  0  0.235824  2.8938  0  
6.85  0.213305  1.27898  0  0.235824  2.7957  0  
6.86  0.215664  1.30595  0  0.235824  2.6976  0  
6.87  0.218022  1.33195  0  0.235824  2.5995  0  
6.88  0.22038  1.35696  0  0.235824  2.5014  0  
6.89  0.222738  1.38099  0  0.235824  2.4033  0  
6.9  0.225097  1.40405  0  0.235824  2.3052  0  
6.91  0.227455  1.42612  0  0.235824  2.2071  0  
6.92  0.229813  1.44721  0  0.235824  2.109  0  
6.93  0.232171  1.46732  0  0.235824  2.0109  0  
6.94  0.234529  1.48644  0  0.235824  1.9128  0  
6.95  0.236888  1.50459  0  0.235824  1.8147  0  
6.96  0.239246  1.52176  0  0.235824  1.7166  0  
6.97  0.241604  1.53794  0  0.235824  1.6185  0  
6.98  0.243962  1.55315  0  0.235824  1.5204  0  
6.99  0.246321  1.56737  0  0.235824  1.4223  0  
7  0.248679  1.58061  0  0.235824  1.3242  0  
7.01  0.251037  1.59287  0  0.235824  1.2261  0  
7.02  0.253395  1.60415  0  0.235824  1.128  0  
7.03  0.255754  1.61445  0  0.235824  1.0299  0  
7.04  0.258112  1.62377  0  0.235824  0.931802  0  
7.05  0.26047  1.63211  0  0.235824  0.833702  0  
7.06  0.262828  1.63946  0  0.235824  0.735602  0  
7.07  0.265187  1.64584  0  0.235824  0.637502  0  
7.08  0.267545  1.65123  0  0.235824  0.539402  0  
7.09  0.269903  1.65564  0  0.235824  0.441302  0  
7.1  0.272261  1.65908  0  0.235824  0.343202  0  
7.11  0.27462  1.66153  0  0.235824  0.245102  0  
7.12  0.276978  1.663  0  0.235824  0.147002  0  
7.13  0.279336  1.66349  0  0.235824  0.0489021  0  
7.14  0.281694  1.66299  0  0.235824  -0.0491979  0  
7.15  0.284053  1.66152  0  0.235824  -0.147298  0  
7.16  0.286411  1.65907  0  0.235824  -0.245398  0  
7.17  0.288769  1.65563  0  0.235824  -0.343498  0  
7.18  0.291127  1.65122  0  0.235824  -0.441598  0  
7.19  0.293486  1.64582  0  0.235824  -0.539698  0  
7.2  0.295844  1.63944  0  0.235824  -0.637798  0  
7.21  0.298202  1.63208  0  0.235824  -0.735898  0  
7.22  0.30056  1.62374  0  0.235824  -0.833998  0  
7.23  0.302919  1.61442  0  0.235824  -0.932098  0  
7.24  0.305277  1.60412  0  0.235824  -1.0302  0  
7.25  0.307635  1.59284  0  0.235824  -1.1283  0  
7.26  0.309993  1.58057  0  0.235824  -1.2264  0  
7.27  0.312352  1.56733  0  0.235824  -1.3245  0  
7.28  0.31471  1.5531  0  0.235824  -1.4226  0  
7.29  0.317068  1.53789  0  0.235824  -1.5207  0  
7.3  0.319426  1.52171  0  0.235824  -1.6188  0  
7.31  0.321785  1.50454  0  0.235824  -1.7169  0  
7.32  0.324143  1.48639  0  0.235824  -1.815  0  
7.33  0.326501  1.46726  0  0.235824  -1.9131  0  
7.34  0.328859  1.44714  0  0.235824  -2.0112  0  
7.35  0.331218  1.42605  0  0.235824  -2.1093  0  
7.36  0.333576  1.40398  0  0.235824  -2.2074  0  
7.37  0.335934  1.38092  0  0.235824  -2.3055  0  
7.38  0.338292  1.35689  0  0.235824  -2.4036  0  
7.39  0.34065  1.33187  0  0.235824  -2.5017  0  
7.4  0.343009  1.30587  0  0.235824  -2.5998  0  
7.41  0.345367  1.27889  0  0.235824  -2.6979  0  
7.42  0.347725  1.25093  0  0.235824  -2.796  0  
7.43  0.350083  1.22199  0  0.235824  -2.8941  0  
7.44  0.352442  1.19207  0  0.235824  -2.9922  0  
7.45  0.3548  1.16117  0  0.235824  -3.0903  0  
7.46  0.357158  1.12928  0  0.235824  -3.1884  0  
7.47  0.359516  1.09642  0  0.235824  -3.2865  0  
7.48  0.361875  1.06257  0  0.235824  -3.3846  0  
7.49  0.364233  1.02775  0  0.235824  -3.4827  0  
7.5  0.366591  0.991937  0  0.235824  -3.5808  0  
7.51  0.368949  0.955148  0  0.235824  -3.6789  0  
7.52  0.371308  0.917378  0  0.235824  -3.777  0  
7.53  0.373666  0.878627  0  0.235824  -3.8751  0  
7.54  0.376024  0.838895  0  0.235824  -3.9732  0  
7.55  0.378382  0.798182  0  0.235824  -4.0713  0  
7.56  0.380741  0.756488  0  0.235824  -4.1694  0  
7.57  0.383099  0.713813  0  0.235824  -4.2675  0  
7.58  0.385457  0.670158  0  0.235824  -4.3656  0  
7.59  0.387815  0.625521  0  0.235824  -4.4637  0  
7.6  0.390174  0.579903  0  0.235824  -4.5618  0  
7.61  0.392532  0.533304  0  0.235824  -4.6599  0  
7.62  0.39489  0.485724  0  0.235824  -4.758  0  
7.63  0.397248  0.437163  0  0.235824  -4.8561  0  
7.64  0.399607  0.387621  0  0.235824  -4.9542  0  
7.65  0.401965  0.337098  0  0.235824  -5.0523  0  
7.66  0.404323  0.285594  0  0.235824  -5.1504  0  
7.67  0.406681  0.233109  0  0.235824  -5.2485  0  
7.68  0.40904  0.179804  0  0.235824  -5.33045  0  
7.69  0.411398  0.130231  0  0.235824  -4.95727  0  
7.7  0.413756  0.0886232  0  0.235824  -4.16083  0  
7.71  0.416114  0.058532  0  0.235824  -3.00912  0  
7.72  0.418473  0.0425271  0  0.235824  -1.60049  0  
7.73  0.420831  0.0419751  0  0.235824  -0.0551989  0  
7.74  0.423189  0.0569231  0  0.235824  1.4948  0  
7.75  0.425547  0.0860949  0  0.235824  2.91717  0  
7.76  0.427906  0.127  0  0.235824  4.09047  0  
7.77  0.430264  0.176145  0  0.235824  4.91451  0  
7.78  0.432622  0.229334  0  0.235824  5.31893  0  
7.79  0.43498  0.282026  0  0.235824  5.26921  0  
7.8  0.437339  0.333737  0  0.235824  5.17111  0  
7.81  0.439697  0.384467  0  0.235824  5.07301  0  
7.82  0.442055  0.434216  0  0.235824  4.97491  0  
7.83  0.444413  0.482984  0  0.235824  4.87681  0  
7.84  0.446772  0.530771  0  0.235824  4.77871  0  
7.85  0.44913  0.577578  0  0.235824  4.68061  0  
7.86  0.451488  0.623403  0  0.235824  4.58251  0  
7.87  0.453846  0.668247  0  0.235824  4.48441  0  
7.88  0.456204  0.71211  0  0.235824  4.38631  0  
7.89  0.458563  0.754992  0  0.235824  4.28821  0  
7.9  0.460921  0.796893  0  0.235824  4.19011  0  
7.91  0.463279  0.837813  0  0.235824  4.09201  0  
7.92  0.465637  0.877752  0  0.235824  3.99391  0  
7.93  0.467996  0.91671  0  0.235824  3.89581  0  
7.94  0.470354  0.954687  0  0.235824  3.79771  0  
7.95  0.472712  0.991683  0  0.235824  3.69961  0  
7.96  0.47507  1.0277  0  0.235824  3.60151  0  
7.97  0.477429  1.06273  0  0.235824  3.50341  0  
7.98  0.479787  1.09679  0  0.235824  3.40531  0  
7.99  0.482145  1.12986  0  0.235824  3.30721  0  
8  0.484503  1.16195  0  0.235824  3.20911  0  
8.01  0.486862  1.19306  0  0.235824  3.11101  0  
8.02  0.48922  1.22319  0  0.235824  3.01291  0  
8.03  0.491578  1.25234  0  0.235824  2.91481  0  
8.04  0.493936  1.2805  0  0.235824  2.81671  0  
8.05  0.496295  1.30769  0  0.235824  2.71861  0  
8.06  0.498653  1.33389  0  0.235824  2.62051  0  
8.07  0.501011  1.35912  0  0.235824  2.52241  0  
8.08  0.503369  1.38336  0  0.235824  2.42431  0  
8.09  0.505728  1.40662  0  0.235824  2.32621  0  
8.1  0.508086  1.4289  0  0.235824  2.22811  0  
8.11  0.510444  1.4502  0  0.235824  2.13001  0  
8.12  0.512802  1.47052  0  0.235824  2.03191  0  
8.13  0.515161  1.48986  0  0.235824  1.93381  0  
8.14  0.517519  1.50822  0  0.235824  1.83571  0  
8.15  0.519877  1.5256  0  0.235824  1.73761  0  
8.16  0.522235  1.54199  0  0.235824  1.63951  0  
8.17  0.524594  1.5574  0  0.235824  1.54141  0  
8.18  0.526952  1.57184  0  0.235824  1.44331  0  
8.19  0.52931  1.58529  0  0.235824  1.34521  0  
8.2  0.531668  1.59776  0  0.235824  1.24711  0  
8.21  0.534027  1.60925  0  0.235824  1.14901  0  
8.22  0.536385  1.61976  0  0.235824  1.05091  0  
8.23  0.538743  1.62929  0  0.235824  0.952809  0  
8.24  0.541101  1.63784  0  0.235824  0.854709  0  
8.25  0.54346  1.6454  0  0.235824  0.756609  0  
8.26  0.545818  1.65199  0  0.235824  0.658509  0  
8.27  0.548176  1.65759  0  0.235824  0.560409  0  
8.28  0.550534  1.66221  0  0.235824  0.462309  0  
8.29  0.552893  1.66586  0  0.235824  0.364209  0  
8.3  0.555251  1.66852  0  0.235824  0.266109  0  
8.31  0.557609  1.6702  0  0.235824  0.168009  0  
8.32  0.559967  1.6709  0  0.235824  0.0699089  0  
8.33  0.562326  1.67061  0  0.235824  -0.0281911  0  
8.34  0.564684  1.66935  0  0.235824  -0.126291  0  
8.35  0.567042  1.66711  0  0.235824  -0.224391  0  
8.36  0.5694  1.66388  0  0.235824  -0.322491  0  
8.37  0.571758  1.65968  0  0.235824  -0.420591  0  
8.38  0.574117  1.65449  0  0.235824  -0.518691  0  
8.39  0.576475  1.64832  0  0.235824  -0.616791  0  
8.4  0.578833  1.64117  0  0.235824  -0.714891  0  
8.41  0.581191  1.63304  0  0.235824  -0.812991  0  
8.42  0.58355  1.62393  0  0.235824  -0.911091  0  
8.43  0.585908  1.61384  0  0.235824  -1.00919  0  
8.44  0.588266  1.60277  0  0.235824  -1.10729  0  
8.45  0.590624  1.59071  0  0.235824  -1.20539  0  
8.46  0.592983  1.57768  0  0.235824  -1.30349  0  
8.47  0.595341  1.56366  0  0.235824  -1.40159  0  
8.48  0.597699  1.54867  0  0.235824  -1.49969  0  
8.49  0.600057  1.53269  0  0.235824  -1.59779  0  
8.5  0.602416  1.51573  0  0.235824  -1.69589  0  
8.51  0.604774  1.49779  0  0.235824  -1.79399  0  
8.52  0.607132  1.47887  0  0.235824  -1.89209  0  
8.53  0.60949  1.45897  0  0.235824  -1.99019  0  
8.54  0.611849  1.43808  0  0.235824  -2.08829  0  
8.55  0.614207  1.41622  0  0.235824  -2.18639  0  
8.56  0.616565  1.39337  0  0.235824  -2.28449  0  
8.57  0.618923  1.36955  0  0.235824  -2.38259  0  
8.58  0.621282  1.34474  0  0.235824  -2.48069  0  
8.59  0.62364  1.31895  0  0.235824  -2.57879  0  
8.6  0.625998  1.29218  0  0.235824  -2.67689  0  
8.61  0.628356  1.26443  0  0.235824  -2.77499  0  
8.62  0.630715  1.2357  0  0.235824  -2.87309  0  
8.63  0.633073  1.20599  0  0.235824  -2.97119  0  
8.64  0.635431  1.1753  0  0.235824  -3.06929  0  
8.65  0.637789  1.14362  0  0.235824  -3.16739  0  
8.66  0.640148  1.11097  0  0.235824  -3.26549  0  
8.67  0.642506  1.07733  0  0.235824  -3.36359  0  
8.68  0.644864  1.04272  0  0.235824  -3.46169  0  
8.69  0.647222  1.00712  0  0.235824  -3.55979  0  
8.7  0.649581  0.97054  0  0.235824  -3.65789  0  
8.71  0.651939  0.93298  0  0.235824  -3.75599  0  
8.72  0.654297  0.894439  0  0.235824  -3.85409  0  
8.73  0.656655  0.854917  0  0.235824  -3.95219  0  
8.74  0.659014  0.814415  0  0.235824  -4.05029  0  
8.75  0.661372  0.772931  0  0.235824  -4.14839  0  
8.76  0.66373  0.730466  0  0.235824  -4.24649  0  
8.77  0.666088  0.68702  0  0.235824  -4.34459  0  
8.78  0.668354  0.642593  0  0.226532  -4.44269  0  
8.79  0.670333  0.597185  0  0.197899  -4.54079  0  
8.8  0.671856  0.550796  0  0.152367  -4.63889  0  
8.81  0.672795  0.503426  0  0.0938267  -4.73699  0  
8.82  0.673067  0.455075  0  0.0272749  -4.83509  0  
8.83  0.672651  0.405743  0  -0.0416058  -4.93319  0  
8.84  0.671582  0.35543  0  -0.106934  -5.03129  0  
8.85  0.669951  0.304137  0  -0.163132  -5.12939  0  
8.86  0.667897  0.251862  0  -0.205401  -5.22749  0  
8.87  0.665595  0.198606  0  -0.230133  -5.32559  0  
8.88  0.663243  0.147476  0  -0.235215  -5.11295  0  
8.89  0.660891  0.102839  0  -0.235215  -4.46374  0  
8.9  0.658539  0.0685047  0  -0.235215  -3.43341  0  
8.91  0.656187  0.0474054  0  -0.235215  -2.10993  0  
8.92  0.653834  0.0413425  0  -0.235215  -0.606292  0  
8.93  0.651482  0.0508336  0  -0.235215  0.949112  0  
8.94  0.64913  0.0750684  0  -0.235215  2.42348  0  
8.95  0.646778  0.111978  0  -0.235215  3.69092  0  
8.96  0.644426  0.15841  0  -0.235215  4.64322  0  
8.97  0.642074  0.2104  0  -0.235215  5.19907  0  
8.98  0.639722  0.263511  0  -0.235215  5.31101  0  
8.99  0.637369  0.31564  0  -0.235215  5.21291  0  
9  0.635017  0.366788  0  -0.235215  5.11481  0  
9.01  0.632665  0.416955  0  -0.235215  5.01671  0  
9.02  0.630313  0.466141  0  -0.235215  4.91861  0  
9.03  0.627961  0.514346  0  -0.235215  4.82051  0  
9.04  0.625609  0.56157  0  -0.235215  4.72241  0  
9.05  0.623257  0.607813  0  -0.235215  4.62431  0  
9.06  0.620904  0.653075  0  -0.235215  4.52621  0  
9.07  0.618552  0.697356  0  -0.235215  4.42811  0  
9.08  0.6162  0.740656  0  -0.235215  4.33001  0  
9.09  0.613848  0.782975  0  -0.235215  4.23191  0  
9.1  0.611496  0.824313  0  -0.235215  4.13381  0  
9.11  0.609144  0.86467  0  -0.235215  4.03571  0  
9.12  0.606792  0.904047  0  -0.235215  3.93761  0  
9.13  0.604439  0.942442  0  -0.235215  3.83951  0  
9.14  0.602087  0.979856  0  -0.235215  3.74141  0  
9.15  0.599735  1.01629  0  -0.235215  3.64331  0  
9.16  0.597383  1.05174  0  -0.235215  3.54521  0  
9.17  0.595031  1.08621  0  -0.235215  3.44711  0  
9.18  0.592679  1.1197  0  -0.235215  3.34901  0  
9.19  0.590326  1.15221  0  -0.235215  3.25091  0  
9.2  0.587974  1.18374  0  -0.235215  3.15281  0  
9.21  0.585622  1.21429  0  -0.235215  3.05471  0  
9.22  0.58327  1.24385  0  -0.235215  2.95661  0  
9.23  0.580918  1.27244  0  -0.235215  2.85851  0  
9.24  0.578566  1.30004  0  -0.235215  2.76041  0  
9.25  0.576214  1.32666  0  -0.235215  2.66231  0  
9.26  0.573861  1.35231  0  -0.235215  2.56421  0  
9.27  0.571509  1.37697  0  -0.235215  2.46611  0  
9.28  0.569157  1.40065  0  -0.235215  2.36801  0  
9.29  0.566805  1.42335  0  -0.235215  2.26991  0  
9.3  0.564453  1.44506  0  -0.235215  2.17181  0  
9.31  0.562101  1.4658  0  -0.235215  2.07371  0  
9.32  0.559749  1.48556  0  -0.235215  1.97561  0  
9.33  0.557396  1.50433  0  -0.235215  1.87751  0  
9.34  0.555044  1.52213  0  -0.235215  1.77941  0  
9.35  0.552692  1.53894  0  -0.235215  1.68131  0  
9.36  0.55034  1.55477  0  -0.235215  1.58321  0  
9.37  0.547988  1.56962  0  -0.235215  1.48511  0  
9.38  0.545636  1.58349  0  -0.235215  1.38701  0  
9.39  0.543283  1.59638  0  -0.235215  1.28891  0  
9.4  0.540931  1.60829  0  -0.235215  1.19081  0  
9.41  0.538579  1.61922  0  -0.235215  1.09271  0  
9.42  0.536227  1.62916  0  -0.235215  0.994608  0  
9.43  0.533875  1.63813  0  -0.235215  0.896508  0  
9.44  0.531523  1.64611  0  -0.235215  0.798408  0  
9.45  0.529171  1.65312  0  -0.235215  0.700308  0  
9.46  0.526818  1.65914  0  -0.235215  0.602208  0  
9.47  0.524466  1.66418  0  -0.235215  0.504108  0  
9.48  0.522114  1.66824  0  -0.235215  0.406008  0  
9.49  0.519762  1.67132  0  -0.235215  0.307908  0  
9.5  0.51741  1.67342  0  -0.235215  0.209808  0  
9.51  0.515058  1.67453  0  -0.235215  0.111708  0  
9.52  0.512706  1.67467  0  -0.235215  0.0136076  0  
9.53  0.510353  1.67382  0  -0.235215  -0.0844924  0  
9.54  0.508001  1.672  0  -0.235215  -0.182592  0  
9.55  0.505649  1.66919  0  -0.235215  -0.280692  0  
9.56  0.503297  1.6654  0  -0.235215  -0.378792  0  
9.57  0.500945  1.66063  0  -0.235215  -0.476892  0  
9.58  0.498593  1.65489  0  -0.235215  -0.574992  0  
9.59  0.496241  1.64815  0  -0.235215  -0.673092  0  
9.6  0.493888  1.64044  0  -0.235215  -0.771192  0  
9.61  0.491536  1.63175  0  -0.235215  -0.869292  0  
9.62  0.489184  1.62208  0  -0.235215  -0.967392  0  
9.63  0.486832  1.61142  0  -0.235215  -1.06549  0  
9.64  0.48448  1.59978  0  -0.235215  -1.16359  0  
9.65  0.482128  1.58717  0  -0.235215  -1.26169  0  
9.66  0.479775  1.57357  0  -0.235215  -1.35979  0  
9.67  0.477423  1.55899  0  -0.235215  -1.45789  0  
9.68  0.475071  1.54343  0  -0.235215  -1.55599  0  
9.69  0.472719  1.52689  0  -0.235215  -1.65409  0  
9.7  0.470367  1.50937  0  -0.235215  -1.75219  0  
9.71  0.468015  1.49087  0  -0.235215  -1.85029  0  
9.72  0.465663  1.47138  0  -0.235215  -1.94839  0  
9.73  0.46331  1.45092  0  -0.235215  -2.04649  0  
9.74  0.460958  1.42947  0  -0.235215  -2.14459  0  
9.75  0.458606  1.40704  0  -0.235215  -2.24269  0  
9.76  0.456254  1.38364  0  -0.235215  -2.34079  0  
9.77  0.453902  1.35925  0  -0.235215  -2.43889  0  
9.78  0.45155  1.33388  0  -0.235215  -2.53699  0  
9.79  0.449198  1.30753  0  -0.235215  -2.63509  0  
9.8  0.446845  1.28019  0  -0.235215  -2.73319  0  
9.81  0.444493  1.25188  0  -0.235215  -2.83129  0  
9.82  0.442141  1.22259  0  -0.235215  -2.92939  0  
9.83  0.439789  1.19231  0  -0.235215  -3.02749  0  
9.84  0.437437  1.16106  0  -0.235215  -3.12559  0  
9.85  0.435085  1.12882  0  -0.235215  -3.22369  0  
9.86  0.432733  1.0956  0  -0.235215  -3.32179  0  
9.87  0.43038  1.0614  0  -0.235215  -3.41989  0  
9.88  0.428028  1.02622  0  -0.235215  -3.51799  0  
9.89  0.425676  0.990061  0  -0.235215  -3.61609  0  
9.9  0.423324  0.952919  0  -0.235215  -3.71419  0  
9.91  0.420972  0.914797  0  -0.235215  -3.81229  0  
9.92  0.41862  0.875693  0  -0.235215  -3.91039  0  
9.93  0.416267  0.835608  0  -0.235215  -4.00849  0  
9.94  0.413915  0.794542  0  -0.235215  -4.10659  0  
9.95  0.411563  0.752495  0  -0.235215  -4.20469  0  
9.96  0.409211  0.709467  0  -0.235215  -4.30279  0  
9.97  0.406859  0.665458  0  -0.235215  -4.40089  0  
9.98  0.404507  0.620468  0  -0.235215  -4.49899  0  
9.99  0.402155  0.574497  0  -0.235215  -4.59709  0  
