0  0  1.6598  0  0.23698  0  0  
0  0.0023698  1.65931  0  0.23698  -0.0981  0  
0.01  0.0047396  1.65784  0  0.23698  -0.1962  0  
0.02  0.0071094  1.65539  0  0.23698  -0.2943  0  
0.03  0.0094792  1.65195  0  0.23698  -0.3924  0  
0.04  0.011849  1.64754  0  0.23698  -0.4905  0  
0.05  0.0142188  1.64214  0  0.23698  -0.5886  0  
0.06  0.0165886  1.63577  0  0.23698  -0.6867  0  
0.07  0.0189584  1.62841  0  0.23698  -0.7848  0  
0.08  0.0213282  1.62007  0  0.23698  -0.8829  0  
0.09  0.023698  1.61075  0  0.23698  -0.981  0  
0.1  0.0260678  1.60045  0  0.23698  -1.0791  0  
0.11  0.0284376  1.58917  0  0.23698  -1.1772  0  
0.12  0.0308074  1.57691  0  0.23698  -1.2753  0  
0.13  0.0331772  1.56366  0  0.23698  -1.3734  0  
0.14  0.035547  1.54944  0  0.23698  -1.4715  0  
0.15  0.0379168  1.53423  0  0.23698  -1.5696  0  
0.16  0.0402866  1.51805  0  0.23698  -1.6677  0  
0.17  0.0426564  1.50088  0  0.23698  -1.7658  0  
0.18  0.0450262  1.48273  0  0.23698  -1.8639  0  
0.19  0.047396  1.4636  0  0.23698  -1.962  0  
0.2  0.0497658  1.44349  0  0.23698  -2.0601  0  
0.21  0.0521356  1.4224  0  0.23698  -2.1582  0  
0.22  0.0545054  1.40033  0  0.23698  -2.2563  0  
0.23  0.0568752  1.37727  0  0.23698  -2.3544  0  
0.24  0.059245  1.35324  0  0.23698  -2.4525  0  
0.25  0.0616148  1.32822  0  0.23698  -2.5506  0  
0.26  0.0639846  1.30223  0  0.23698  -2.6487  0  
0.27  0.0663544  1.27525  0  0.23698  -2.7468  0  
0.28  0.0687242  1.24729  0  0.23698  -2.8449  0  
0.29  0.071094  1.21835  0  0.23698  -2.943  0  
0.3  0.0734638  1.18843  0  0.23698  -3.0411  0  
0.31  0.0758336  1.15753  0  0.23698  -3.1392  0  
0.32  0.0782034  1.12565  0  0.23698  -3.2373  0  
0.33  0.0805732  1.09278  0  0.23698  -3.3354  0  
0.34  0.082943  1.05894  0  0.23698  -3.4335  0  
0.35  0.0853128  1.02411  0  0.23698  -3.5316  0  
0.36  0.0876826  0.988306  0  0.23698  -3.6297  0  
0.37  0.0900524  0.951518  0  0.23698  -3.7278  0  
0.38  0.0924222  0.91375  0  0.23698  -3.8259  0  
0.39  0.094792  0.875  0  0.23698  -3.924  0  
0.4  0.0971618  0.83527  0  0.23698  -4.0221  0  
0.41  0.0995316  0.794558  0  0.23698  -4.1202  0  
0.42  0.101901  0.752866  0  0.23698  -4.2183  0  
0.43  0.104271  0.710192  0  0.23698  -4.3164  0  
0.44  0.106641  0.666538  0  0.23698  -4.4145  0  
0.45  0.109011  0.621902  0  0.23698  -4.5126  0  
0.46  0.111381  0.576286  0  0.23698  -4.6107  0  
0.47  0.11375  0.529688  0  0.23698  -4.7088  0  
0.48  0.11612  0.48211  0  0.23698  -4.8069  0  
0.49  0.11849  0.43355  0  0.23698  -4.905  0  
0.5  0.12086  0.38401  0  0.23698  -5.0031  0  
0.51  0.12323  0.333488  0  0.23698  -5.1012  0  
0.52  0.125599  0.281986  0  0.23698  -5.1993  0  
0.53  0.127969  0.229502  0  0.23698  -5.2974  0  
0.54  0.130339  0.176272  0  0.23698  -5.34856  0  
0.55  0.132709  0.124803  0  0.23698  -4.94522  0  
0.56  0.135079  0.0795651  0  0.23698  -4.10243  0  
0.57  0.137448  0.044686  0  0.23698  -2.87338  0  
0.58  0.139818  0.0235864  0  0.23698  -1.34653  0  
0.59  0.142188  0.0186562  0  0.23698  0.360481  0  
0.6  0.144558  0.0310065  0  0.23698  2.10959  0  
0.61  0.146928  0.0603207  0  0.23698  3.75324  0  
0.62  0.149297  0.10482  0  0.23698  5.1466  0  
0.63  0.151667  0.161353  0  0.23698  6.16002  0  
0.64  0.154037  0.225607  0  0.23698  6.69074  0  
0.65  0.156407  0.292425  0  0.23698  6.67284  0  
0.66  0.158777  0.358663  0  0.23698  6.57474  0  
0.67  0.161146  0.423919  0  0.23698  6.47664  0  
0.68  0.163516  0.488195  0  0.23698  6.37854  0  
0.69  0.165886  0.55149  0  0.23698  6.28044  0  
0.7  0.168256  0.613804  0  0.23698  6.18234  0  
0.71  0.170626  0.675137  0  0.23698  6.08424  0  
0.72  0.172995  0.735489  0  0.23698  5.98614  0  
0.73  0.175365  0.79486  0  0.23698  5.88804  0  
0.74  0.177735  0.85325  0  0.23698  5.78994  0  
0.75  0.180105  0.910659  0  0.23698  5.69184  0  
0.76  0.182475  0.967086  0  0.23698  5.59374  0  
0.77  0.184844  1.02253  0  0.23698  5.49564  0  
0.78  0.187214  1.077  0  0.23698  5.39754  0  
0.79  0.189584  1.13048  0  0.23698  5.29944  0  
0.8  0.191954  1.18299  0  0.23698  5.20134  0  
0.81  0.194324  1.23451  0  0.23698  5.10324  0  
0.82  0.196693  1.28505  0  0.23698  5.00514  0  
0.83  0.199063  1.33461  0  0.23698  4.90704  0  
0.84  0.201433  1.38319  0  0.23698  4.80894  0  
0.85  0.203803  1.43079  0  0.23698  4.71084  0  
0.86  0.206173  1.47741  0  0.23698  4.61274  0  
0.87  0.208542  1.52305  0  0.23698  4.51464  0  
0.88  0.210912  1.5677  0  0.23698  4.41654  0  
0.89  0.213282  1.61138  0  0.23698  4.31844  0  
0.9  0.215652  1.65407  0  0.23698  4.22034  0  
0.91  0.218022  1.69578  0  0.23698  4.12224  0  
0.92  0.220391  1.73652  0  0.23698  4.02414  0  
0.93  0.222761  1.77627  0  0.23698  3.92604  0  
0.94  0.225131  1.81504  0  0.23698  3.82794  0  
0.95  0.227501  1.85283  0  0.23698  3.72984  0  
0.96  0.229871  1.88963  0  0.23698  3.63174  0  
0.97  0.23224  1.92546  0  0.23698  3.53364  0  
0.98  0.23461  1.96031  0  0.23698  3.43554  0  
0.99  0.23698  1.99417  0  0.23698  3.33744  0  
1  0.23935  2.02706  0  0.23698  3.23934  0  
1.01  0.24172  2.05896  0  0.23698  3.14124  0  
1.02  0.244089  2.08988  0  0.23698  3.04314  0  
1.03  0.246459  2.11982  0  0.23698  2.94504  0  
1.04  0.248829  2.14878  0  0.23698  2.84694  0  
1.05  0.251199  2.17676  0  0.23698  2.74884  0  
1.06  0.253569  2.20376  0  0.23698  2.65074  0  
1.07  0.255938  2.22978  0  0.23698  2.55264  0  
1.08  0.258308  2.25481  0  0.23698  2.45454  0  
1.09  0.260678  2.27887  0  0.23698  2.35644  0  
1.1  0.263048  2.30194  0  0.23698  2.25834  0  
1.11  0.265418  2.32403  0  0.23698  2.16024  0  
1.12  0.267787  2.34514  0  0.23698  2.06214  0  
1.13  0.270157  2.36528  0  0.23698  1.96404  0  
1.14  0.272527  2.38443  0  0.23698  1.86594  0  
1.15  0.274897  2.40259  0  0.23698  1.76784  0  
1.16  0.277267  2.41978  0  0.23698  1.66974  0  
1.17  0.279636  2.43599  0  0.23698  1.57164  0  
1.18  0.282006  2.45121  0  0.23698  1.47354  0  
1.19  0.284376  2.46546  0  0.23698  1.37544  0  
1.2  0.286746  2.47872  0  0.23698  1.27734  0  
1.21  0.289116  2.49101  0  0.23698  1.17924  0  
1.22  0.291485  2.50231  0  0.23698  1.08114  0  
1.23  0.293855  2.51263  0  0.23698  0.983039  0  
1.24  0.296225  2.52197  0  0.23698  0.884939  0  
1.25  0.298595  2.53033  0  0.23698  0.786839  0  
1.26  0.300965  2.53771  0  0.23698  0.688739  0  
1.27  0.303334  2.5441  0  0.23698  0.590639  0  
1.28  0.305704  2.54952  0  0.23698  0.492539  0  
1.29  0.308074  2.55395  0  0.23698  0.394439  0  
1.3  0.310444  2.55741  0  0.23698  0.296339  0  
1.31  0.312814  2.55988  0  0.23698  0.198239  0  
1.32  0.315183  2.56137  0  0.23698  0.100139  0  
1.33  0.317553  2.56188  0  0.23698  0.00203905  0  
1.34  0.319923  2.56141  0  0.23698  -0.096061  0  
1.35  0.322293  2.55996  0  0.23698  -0.194161  0  
1.36  0.324663  2.55753  0  0.23698  -0.292261  0  
1.37  0.327032  2.55412  0  0.23698  -0.390361  0  
1.38  0.329402  2.54972  0  0.23698  -0.488461  0  
1.39  0.331772  2.54435  0  0.23698  -0.586561  0  
1.4  0.334142  2.53799  0  0.23698  -0.684661  0  
1.41  0.336512  2.53065  0  0.23698  -0.782761  0  
1.42  0.338881  2.52234  0  0.23698  -0.880861  0  
1.43  0.341251  2.51304  0  0.23698  -0.978961  0  
1.44  0.343621  2.50276  0  0.23698  -1.07706  0  
1.45  0.345991  2.4915  0  0.23698  -1.17516  0  
1.46  0.348361  2.47925  0  0.23698  -1.27326  0  
1.47  0.35073  2.46603  0  0.23698  -1.37136  0  
1.48  0.3531  2.45183  0  0.23698  -1.46946  0  
1.49  0.35547  2.43664  0  0.23698  -1.56756  0  
1.5  0.35784  2.42048  0  0.23698  -1.66566  0  
1.51  0.36021  2.40333  0  0.23698  -1.76376  0  
1.52  0.362579  2.3852  0  0.23698  -1.86186  0  
1.53  0.364949  2.36609  0  0.23698  -1.95996  0  
1.54  0.367319  2.346  0  0.23698  -2.05806  0  
1.55  0.369689  2.32493  0  0.23698  -2.15616  0  
1.56  0.372059  2.30288  0  0.23698  -2.25426  0  
1.57  0.374428  2.27984  0  0.23698  -2.35236  0  
1.58  0.376798  2.25583  0  0.23698  -2.45046  0  
1.59  0.379168  2.23084  0  0.23698  -2.54856  0  
1.6  0.381538  2.20486  0  0.23698  -2.64666  0  
1.61  0.383908  2.1779  0  0.23698  -2.74476  0  
1.62  0.386277  2.14996  0  0.23698  -2.84286  0  
1.63  0.388647  2.12104  0  0.23698  -2.94096  0  
1.64  0.391017  2.09114  0  0.23698  -3.03906  0  
1.65  0.393387  2.06026  0  0.23698  -3.13716  0  
1.66  0.395757  2.0284  0  0.23698  -3.23526  0  
1.67  0.398126  1.99556  0  0.23698  -3.33336  0  
1.68  0.400496  1.96173  0  0.23698  -3.43146  0  
1.69  0.402866  1.92693  0  0.23698  -3.52956  0  
1.7  0.405236  1.89114  0  0.23698  -3.62766  0  
1.71  0.407606  1.85438  0  0.23698  -3.72576  0  
1.72  0.409975  1.81663  0  0.23698  -3.82386  0  
1.73  0.412345  1.7779  0  0.23698  -3.92196  0  
1.74  0.414715  1.73819  0  0.23698  -4.02006  0  
1.75  0.417085  1.6975  0  0.23698  -4.11816  0  
1.76  0.419455  1.65583  0  0.23698  -4.21626  0  
1.77  0.421824  1.61317  0  0.23698  -4.31436  0  
1.78  0.424194  1.56954  0  0.23698  -4.41246  0  
1.79  0.426564  1.52492  0  0.23698  -4.51056  0  
1.8  0.428934  1.47933  0  0.23698  -4.60866  0  
1.81  0.431304  1.43275  0  0.23698  -4.70676  0  
1.82  0.433673  1.38519  0  0.23698  -4.80486  0  
1.83  0.436043  1.33665  0  0.23698  -4.90296  0  
1.84  0.438413  1.28713  0  0.23698  -5.00106  0  
1.85  0.440783  1.23663  0  0.23698  -5.09916  0  
1.86  0.443153  1.18515  0  0.23698  -5.19726  0  
1.87  0.445522  1.13269  0  0.23698  -5.29536  0  
1.88  0.447892  1.07924  0  0.23698  -5.39346  0  
1.89  0.450262  1.02482  0  0.23698  -5.49156  0  
1.9  0.452632  0.969411  0  0.23698  -5.58966  0  
1.91  0.455002  0.913024  0  0.23698  -5.68776  0  
1.92  0.457371  0.855656  0  0.23698  -5.78586  0  
1.93  0.459741  0.797307  0  0.23698  -5.88396  0  
1.94  0.462111  0.737977  0  0.23698  -5.98206  0  
1.95  0.464481  0.677665  0  0.23698  -6.08016  0  
1.96  0.466851  0.616373  0  0.23698  -6.17826  0  
1.97  0.46922  0.5541  0  0.23698  -6.27636  0  
1.98  0.47159  0.490846  0  0.23698  -6.37446  0  
1.99  0.47396  0.426611  0  0.23698  -6.47256  0  
2  0.47633  0.361395  0  0.23698  -6.57066  0  
2.01  0.4787  0.295198  0  0.23698  -6.66876  0  
2.02  0.481069  0.22802  0  0.23698  -6.76686  0  
2.03  0.483439  0.160159  0  0.23698  -6.80536  0  
2.04  0.485809  0.0948095  0  0.23698  -6.26444  0  
2.05  0.488179  0.0376595  0  0.23698  -5.16556  0  
2.06  0.490549  -0.0060618  0  0.23698  -3.57871  0  
2.07  0.492918  -0.0320481  0  0.23698  -1.61855  0  
2.08  0.495288  -0.0373235  0  0.23698  0.56348  0  
2.09  0.497658  -0.0205533  0  0.23698  2.79056  0  
2.1  0.500028  0.0177717  0  0.23698  4.87444  0  
2.11  0.502398  0.0752994  0  0.23698  6.6311  0  
2.12  0.504767  0.147938  0  0.23698  7.89657  0  
2.13  0.507137  0.23013  0  0.23698  8.54183  0  
2.14  0.509507  0.315265  0  0.23698  8.48531  0  
2.15  0.511877  0.399628  0  0.23698  8.38721  0  
2.16  0.514247  0.48301  0  0.23698  8.28911  0  
2.17  0.516616  0.56541  0  0.23698  8.19101  0  
2.18  0.518986  0.64683  0  0.23698  8.09291  0  
2.19  0.521356  0.727269  0  0.23698  7.99481  0  
2.2  0.523726  0.806726  0  0.23698  7.89671  0  
2.21  0.526096  0.885203  0  0.23698  7.79861  0  
2.22  0.528465  0.962699  0  0.23698  7.70051  0  
2.23  0.530835  1.03921  0  0.23698  7.60241  0  
2.24  0.533205  1.11475  0  0.23698  7.50431  0  
2.25  0.535575  1.1893  0  0.23698  7.40621  0  
2.26  0.537945  1.26287  0  0.23698  7.30811  0  
2.27  0.540314  1.33546  0  0.23698  7.21001  0  
2.28  0.542684  1.40707  0  0.23698  7.11191  0  
2.29  0.545054  1.4777  0  0.23698  7.01381  0  
2.3  0.547424  1.54735  0  0.23698  6.91571  0  
2.31  0.549794  1.61601  0  0.23698  6.81761  0  
2.32  0.552163  1.6837  0  0.23698  6.71951  0  
2.33  0.554533  1.7504  0  0.23698  6.62141  0  
2.34  0.556903  1.81613  0  0.23698  6.52331  0  
2.35  0.559273  1.88087  0  0.23698  6.42521  0  
2.36  0.561643  1.94463  0  0.23698  6.32711  0  
2.37  0.564012  2.00741  0  0.23698  6.22901  0  
2.38  0.566382  2.06921  0  0.23698  6.13091  0  
2.39  0.568752  2.13003  0  0.23698  6.03281  0  
2.4  0.571122  2.18987  0  0.23698  5.93471  0  
2.41  0.573492  2.24873  0  0.23698  5.83661  0  
2.42  0.575861  2.3066  0  0.23698  5.73851  0  
2.43  0.578231  2.3635  0  0.23698  5.64041  0  
2.44  0.580601  2.41941  0  0.23698  5.54231  0  
2.45  0.582971  2.47434  0  0.23698  5.44421  0  
2.46  0.585341  2.52829  0  0.23698  5.34611  0  
2.47  0.58771  2.58126  0  0.23698  5.24801  0  
2.48  0.59008  2.63325  0  0.23698  5.14991  0  
2.49  0.59245  2.68426  0  0.23698  5.05181  0  
2.5  0.59482  2.73429  0  0.23698  4.95371  0  
2.51  0.59719  2.78334  0  0.23698  4.85561  0  
2.52  0.599559  2.8314  0  0.23698  4.75751  0  
2.53  0.601929  2.87849  0  0.23698  4.65941  0  
2.54  0.604299  2.92459  0  0.23698  4.56131  0  
2.55  0.606669  2.96971  0  0.23698  4.46321  0  
2.56  0.609039  3.01386  0  0.23698  4.36511  0  
2.57  0.611408  3.05702  0  0.23698  4.26701  0  
2.58  0.613778  3.0992  0  0.23698  4.16891  0  
2.59  0.616148  3.14039  0  0.23698  4.07081  0  
2.6  0.618518  3.18061  0  0.23698  3.97271  0  
2.61  0.620888  3.21985  0  0.23698  3.87461  0  
2.62  0.623257  3.2581  0  0.23698  3.77651  0  
2.63  0.625627  3.29538  0  0.23698  3.67841  0  
2.64  0.627997  3.33167  0  0.23698  3.58031  0  
2.65  0.630367  3.36699  0  0.23698  3.48221  0  
2.66  0.632737  3.40132  0  0.23698  3.38411  0  
2.67  0.635106  3.43467  0  0.23698  3.28601  0  
2.68  0.637476  3.46704  0  0.23698  3.18791  0  
2.69  0.639846  3.49843  0  0.23698  3.08981  0  
2.7  0.642216  3.52883  0  0.23698  2.99171  0  
2.71  0.644586  3.55826  0  0.23698  2.89361  0  
2.72  0.646955  3.58671  0  0.23698  2.79551  0  
2.73  0.649325  3.61417  0  0.23698  2.69741  0  
2.74  0.651695  3.64065  0  0.23698  2.59931  0  
2.75  0.654065  3.66616  0  0.23698  2.50121  0  
2.76  0.656435  3.69068  0  0.23698  2.40311  0  
2.77  0.658804  3.71422  0  0.23698  2.30501  0  
2.78  0.661174  3.73678  0  0.23698  2.20691  0  
2.79  0.663544  3.75836  0  0.23698  2.10881  0  
2.8  0.665914  3.77896  0  0.23698  2.01071  0  
2.81  0.668245  3.79857  0  0.229178  1.91261  0  
2.82  0.670398  3.81721  0  0.201474  1.81451  0  
2.83  0.672182  3.83486  0  0.155386  1.71641  0  
2.84  0.673429  3.85154  0  0.0940628  1.61831  0  
2.85  0.67401  3.86723  0  0.0220902  1.52021  0  
2.86  0.673846  3.88194  0  -0.0548411  1.42211  0  
2.87  0.67292  3.89567  0  -0.130374  1.32401  0  
2.88  0.671278  3.90842  0  -0.198  1.22591  0  
2.89  0.66903  3.92019  0  -0.251608  1.12781  0  
2.9  0.666342  3.93098  0  -0.28602  1.02971  0  
2.91  0.663425  3.94078  0  -0.297481  0.931615  0  
2.92  0.66045  3.94961  0  -0.297481  0.833515  0  
2.93  0.657475  3.95745  0  -0.297481  0.735415  0  
2.94  0.6545  3.96432  0  -0.297481  0.637315  0  
2.95  0.651526  3.9702  0  -0.297481  0.539215  0  
2.96  0.648551  3.9751  0  -0.297481  0.441115  0  
2.97  0.645576  3.97902  0  -0.297481  0.343015  0  
2.98  0.642601  3.98196  0  -0.297481  0.244915  0  
2.99  0.639626  3.98392  0  -0.297481  0.146815  0  
3  0.636651  3.9849  0  -0.297481  0.0487146  0  
3.01  0.633677  3.98489  0  -0.297481  -0.0493854  0  
3.02  0.630702  3.98391  0  -0.297481  -0.147485  0  
3.03  0.627727  3.98194  0  -0.297481  -0.245585  0  
3.04  0.624752  3.979  0  -0.297481  -0.343685  0  
3.05  0.621777  3.97507  0  -0.297481  -0.441785  0  
3.06  0.618803  3.97016  0  -0.297481  -0.539885  0  
3.07  0.615828  3.96427  0  -0.297481  -0.637985  0  
3.08  0.612853  3.9574  0  -0.297481  -0.736085  0  
3.09  0.609878  3.94955  0  -0.297481  -0.834185  0  
3.1  0.606903  3.94072  0  -0.297481  -0.932285  0  
3.11  0.603929  3.93091  0  -0.297481  -1.03039  0  
3.12  0.600954  3.92011  0  -0.297481  -1.12849  0  
3.13  0.597979  3.90834  0  -0.297481  -1.22659  0  
3.14  0.595004  3.89558  0  -0.297481  -1.32469  0  
3.15  0.592029  3.88184  0  -0.297481  -1.42279  0  
3.16  0.589054  3.86712  0  -0.297481  -1.52089  0  
3.17  0.58608  3.85143  0  -0.297481  -1.61899  0  
3.18  0.583105  3.83474  0  -0.297481  -1.71709  0  
3.19  0.58013  3.81708  0  -0.297481  -1.81519  0  
3.2  0.577155  3.79844  0  -0.297481  -1.91329  0  
3.21  0.57418  3.77882  0  -0.297481  -2.01139  0  
3.22  0.571206  3.75821  0  -0.297481  -2.10949  0  
3.23  0.568231  3.73663  0  -0.297481  -2.20759  0  
3.24  0.565256  3.71406  0  -0.297481  -2.30569  0  
3.25  0.562281  3.69051  0  -0.297481  -2.40379  0  
3.26  0.559306  3.66599  0  -0.297481  -2.50189  0  
3.27  0.556332  3.64048  0  -0.297481  -2.59999  0  
3.28  0.553357  3.61399  0  -0.297481  -2.69809  0  
3.29  0.550382  3.58651  0  -0.297481  -2.79619  0  
3.3  0.547407  3.55806  0  -0.297481  -2.89429  0  
3.31  0.544432  3.52863  0  -0.297481  -2.99239  0  
3.32  0.541457  3.49821  0  -0.297481  -3.09049  0  
3.33  0.538483  3.46682  0  -0.297481  -3.18859  0  
3.34  0.535508  3.43444  0  -0.297481  -3.28669  0  
3.35  0.532533  3.40109  0  -0.297481  -3.38479  0  
3.36  0.529558  3.36675  0  -0.297481  -3.48289  0  
3.37  0.526583  3.33143  0  -0.297481  -3.58099  0  
3.38  0.523609  3.29513  0  -0.297481  -3.67909  0  
3.39  0.520634  3.25785  0  -0.297481  -3.77719  0  
3.4  0.517659  3.21958  0  -0.297481  -3.87529  0  
3.41  0.514684  3.18034  0  -0.297481  -3.97339  0  
3.42  0.511709  3.14012  0  -0.297481  -4.07149  0  
3.43  0.508735  3.09891  0  -0.297481  -4.16959  0  
3.44  0.50576  3.05672  0  -0.297481  -4.26769  0  
3.45  0.502785  3.01356  0  -0.297481  -4.36579  0  
3.46  0.49981  2.96941  0  -0.297481  -4.46389  0  
3.47  0.496835  2.92428  0  -0.297481  -4.56199  0  
3.48  0.49386  2.87817  0  -0.297481  -4.66009  0  
3.49  0.490886  2.83108  0  -0.297481  -4.75819  0  
3.5  0.487911  2.78301  0  -0.297481  -4.85629  0  
3.51  0.484936  2.73395  0  -0.297481  -4.95439  0  
3.52  0.481961  2.68392  0  -0.297481  -5.05249  0  
3.53  0.478986  2.6329  0  -0.297481  -5.15059  0  
3.54  0.476012  2.58091  0  -0.297481  -5.24869  0  
3.55  0.473037  2.52793  0  -0.297481  -5.34679  0  
3.56  0.470062  2.47397  0  -0.297481  -5.44489  0  
3.57  0.467087  2.41903  0  -0.297481  -5.54299  0  
3.58  0.464112  2.36311  0  -0.297481  -5.64109  0  
3.59  0.461138  2.30621  0  -0.297481  -5.73919  0  
3.6  0.458163  2.24833  0  -0.297481  -5.83729  0  
3.61  0.455188  2.18946  0  -0.297481  -5.93539  0  
3.62  0.452213  2.12962  0  -0.297481  -6.03349  0  
3.63  0.449238  2.06879  0  -0.297481  -6.13159  0  
3.64  0.446263  2.00699  0  -0.297481  -6.22969  0  
3.65  0.443289  1.9442  0  -0.297481  -6.32779  0  
3.66  0.440314  1.88043  0  -0.297481  -6.42589  0  
3.67  0.437339  1.81568  0  -0.297481  -6.52399  0  
3.68  0.434364  1.74995  0  -0.297481  -6.62209  0  
3.69  0.431389  1.68324  0  -0.297481  -6.72019  0  
3.7  0.428415  1.61555  0  -0.297481  -6.81829  0  
3.71  0.42544  1.54687  0  -0.297481  -6.91639  0  
3.72  0.422465  1.47722  0  -0.297481  -7.01449  0  
3.73  0.41949  1.40659  0  -0.297481  -7.11259  0  
3.74  0.416515  1.33497  0  -0.297481  -7.21069  0  
3.75  0.413541  1.26237  0  -0.297481  -7.30879  0  
3.76  0.410566  1.18879  0  -0.297481  -7.40689  0  
3.77  0.407591  1.11423  0  -0.297481  -7.50499  0  
3.78  0.404616  1.03869  0  -0.297481  -7.60309  0  
3.79  0.401641  0.962172  0  -0.297481  -7.70119  0  
3.8  0.398666  0.88467  0  -0.297481  -7.79929  0  
3.81  0.395692  0.806186  0  -0.297481  -7.89739  0  
3.82  0.392717  0.726722  0  -0.297481  -7.99549  0  
3.83  0.389742  0.646277  0  -0.297481  -8.09359  0  
3.84  0.386767  0.56485  0  -0.297481  -8.19169  0  
3.85  0.383792  0.482443  0  -0.297481  -8.28979  0  
3.86  0.380818  0.399055  0  -0.297481  -8.38789  0  
3.87  0.377843  0.314685  0  -0.297481  -8.48599  0  
3.88  0.374868  0.229335  0  -0.297481  -8.58409  0  
3.89  0.371893  0.143245  0  -0.297481  -8.63381  0  
3.9  0.368918  0.0603339  0  -0.297481  -7.94849  0  
3.91  0.365944  -0.0121848  0  -0.297481  -6.55524  0  
3.92  0.362969  -0.067675  0  -0.297481  -4.5428  0  
3.93  0.359994  -0.100672  0  -0.297481  -2.05658  0  
3.94  0.357019  -0.107398  0  -0.297481  0.711384  0  
3.95  0.354044  -0.0861571  0  -0.297481  3.53677  0  
3.96  0.351069  -0.0375692  0  -0.297481  6.18081  0  
3.97  0.348095  0.0353847  0  -0.297481  8.40998  0  
3.98  0.34512  0.127516  0  -0.297481  10.0163  0  
3.99  0.342145  0.231777  0  -0.297481  10.8359  0  
4  0.33917  0.339782  0  -0.297481  10.7653  0  
4.01  0.336195  0.446945  0  -0.297481  10.6672  0  
4.02  0.333221  0.553127  0  -0.297481  10.5691  0  
4.03  0.330246  0.658327  0  -0.297481  10.471  0  
4.04  0.327271  0.762547  0  -0.297481  10.3729  0  
4.05  0.324296  0.865785  0  -0.297481  10.2748  0  
4.06  0.321321  0.968043  0  -0.297481  10.1767  0  
4.07  0.318347  1.06932  0  -0.297481  10.0786  0  
4.08  0.315372  1.16961  0  -0.297481  9.9805  0  
4.09  0.312397  1.26893  0  -0.297481  9.8824  0  
4.1  0.309422  1.36726  0  -0.297481  9.7843  0  
4.11  0.306447  1.46462  0  -0.297481  9.6862  0  
4.12  0.303472  1.56099  0  -0.297481  9.5881  0  
4.13  0.300498  1.65638  0  -0.297481  9.49  0  
4.14  0.297523  1.75079  0  -0.297481  9.3919  0  
4.15  0.294548  1.84422  0  -0.297481  9.2938  0  
4.16  0.291573  1.93666  0  -0.297481  9.1957  0  
4.17  0.288598  2.02813  0  -0.297481  9.0976  0  
4.18  0.285624  2.11862  0  -0.297481  8.9995  0  
4.19  0.282649  2.20812  0  -0.297481  8.9014  0  
4.2  0.279674  2.29664  0  -0.297481  8.8033  0  
4.21  0.276699  2.38419  0  -0.297481  8.7052  0  
4.22  0.273724  2.47075  0  -0.297481  8.6071  0  
4.23  0.27075  2.55633  0  -0.297481  8.509  0  
4.24  0.267775  2.64093  0  -0.297481  8.4109  0  
4.25  0.2648  2.72455  0  -0.297481  8.3128  0  
4.26  0.261825  2.80718  0  -0.297481  8.2147  0  
4.27  0.25885  2.88884  0  -0.297481  8.1166  0  
4.28  0.255875  2.96952  0  -0.297481  8.0185  0  
4.29  0.252901  3.04921  0  -0.297481  7.9204  0  
4.3  0.249926  3.12792  0  -0.297481  7.8223  0  
4.31  0.246951  3.20566  0  -0.297481  7.7242  0  
4.32  0.243976  3.28241  0  -0.297481  7.6261  0  
4.33  0.241001  3.35818  0  -0.297481  7.528  0  
4.34  0.238027  3.43297  0  -0.297481  7.4299  0  
4.35  0.235052  3.50678  0  -0.297481  7.3318  0  
4.36  0.232077  3.5796  0  -0.297481  7.2337  0  
4.37  0.229102  3.65145  0  -0.297481  7.1356  0  
4.38  0.226127  3.72232  0  -0.297481  7.0375  0  
4.39  0.223153  3.7922  0  -0.297481  6.9394  0  
4.4  0.220178  3.8611  0  -0.297481  6.8413  0  
4.41  0.217203  3.92903  0  -0.297481  6.7432  0  
4.42  0.214228  3.99597  0  -0.297481  6.6451  0  
4.43  0.211253  4.06193  0  -0.297481  6.547  0  
4.44  0.208279  4.12691  0  -0.297481  6.4489  0  
4.45  0.205304  4.19091  0  -0.297481  6.3508  0  
4.46  0.202329  4.25392  0  -0.297481  6.2527  0  
4.47  0.199354  4.31596  0  -0.297481  6.1546  0  
4.48  0.196379  4.37702  0  -0.297481  6.0565  0  
4.49  0.193404  4.43709  0  -0.297481  5.9584  0  
4.5  0.19043  4.49618  0  -0.297481  5.8603  0  
4.51  0.187455  4.5543  0  -0.297481  5.7622  0  
4.52  0.18448  4.61143  0  -0.297481  5.6641  0  
4.53  0.181505  4.66758  0  -0.297481  5.566  0  
4.54  0.17853  4.72275  0  -0.297481  5.4679  0  
4.55  0.175556  4.77694  0  -0.297481  5.3698  0  
4.56  0.172581  4.83014  0  -0.297481  5.2717  0  
4.57  0.169606  4.88237  0  -0.297481  5.1736  0  
4.58  0.166631  4.93362  0  -0.297481  5.0755  0  
4.59  0.163656  4.98388  0  -0.297481  4.9774  0  
4.6  0.160682  5.03316  0  -0.297481  4.8793  0  
4.61  0.157707  5.08147  0  -0.297481  4.7812  0  
4.62  0.154732  5.12879  0  -0.297481  4.6831  0  
4.63  0.151757  5.17513  0  -0.297481  4.585  0  
4.64  0.148782  5.22049  0  -0.297481  4.4869  0  
4.65  0.145807  5.26487  0  -0.297481  4.3888  0  
4.66  0.142833  5.30826  0  -0.297481  4.2907  0  
4.67  0.139858  5.35068  0  -0.297481  4.1926  0  
4.68  0.136883  5.39212  0  -0.297481  4.0945  0  
4.69  0.133908  5.43257  0  -0.297481  3.9964  0  
4.7  0.130933  5.47205  0  -0.297481  3.8983  0  
4.71  0.127959  5.51054  0  -0.297481  3.8002  0  
4.72  0.124984  5.54805  0  -0.297481  3.7021  0  
4.73  0.122009  5.58458  0  -0.297481  3.604  0  
4.74  0.119034  5.62013  0  -0.297481  3.5059  0  
4.75  0.116059  5.6547  0  -0.297481  3.4078  0  
4.76  0.113085  5.68829  0  -0.297481  3.3097  0  
4.77  0.11011  5.72089  0  -0.297481  3.2116  0  
4.78  0.107135  5.75252  0  -0.297481  3.1135  0  
4.79  0.10416  5.78316  0  -0.297481  3.0154  0  
4.8  0.101185  5.81283  0  -0.297481  2.9173  0  
4.81  0.0982105  5.84151  0  -0.297481  2.8192  0  
4.82  0.0952356  5.86921  0  -0.297481  2.7211  0  
4.83  0.0922608  5.89593  0  -0.297481  2.623  0  
4.84  0.089286  5.92167  0  -0.297481  2.5249  0  
4.85  0.0863112  5.94643  0  -0.297481  2.4268  0  
4.86  0.0833364  5.97021  0  -0.297481  2.3287  0  
4.87  0.0803616  5.993  0  -0.297481  2.2306  0  
4.88  0.0773868  6.01482  0  -0.297481  2.1325  0  
4.89  0.074412  6.03565  0  -0.297481  2.0344  0  
4.9  0.0714371  6.05551  0  -0.297481  1.9363  0  
4.91  0.0684623  6.07438  0  -0.297481  1.8382  0  
4.92  0.0654875  6.09227  0  -0.297481  1.7401  0  
4.93  0.0625127  6.10918  0  -0.297481  1.642  0  
4.94  0.0595379  6.12511  0  -0.297481  1.5439  0  
4.95  0.0565631  6.14006  0  -0.297481  1.4458  0  
4.96  0.0535883  6.15403  0  -0.297481  1.3477  0  
4.97  0.0506135  6.16701  0  -0.297481  1.2496  0  
4.98  0.0476386  6.17902  0  -0.297481  1.1515  0  
4.99  0.0446638  6.19004  0  -0.297481  1.0534  0  
5  0.041689  6.20009  0  -0.297481  0.955304  0  
5.01  0.0387142  6.20915  0  -0.297481  0.857204  0  
5.02  0.0357394  6.21723  0  -0.297481  0.759104  0  
5.03  0.0327646  6.22433  0  -0.297481  0.661004  0  
5.04  0.0297898  6.23045  0  -0.297481  0.562904  0  
5.05  0.026815  6.23559  0  -0.297481  0.464804  0  
5.06  0.0238401  6.23975  0  -0.297481  0.366704  0  
5.07  0.0208653  6.24292  0  -0.297481  0.268604  0  
5.08  0.0178905  6.24512  0  -0.297481  0.170504  0  
5.09  0.0149157  6.24633  0  -0.297481  0.0724037  0  
5.1  0.0119409  6.24657  0  -0.297481  -0.0256963  0  
5.11  0.00896609  6.24582  0  -0.297481  -0.123796  0  
5.12  0.00599128  6.24409  0  -0.297481  -0.221896  0  
5.13  0.00301646  6.24138  0  -0.297481  -0.319996  0  
5.14  4.16512e-05  6.23769  0  -0.297481  -0.418096  0  
5.15  -0.00293316  6.23302  0  -0.297481  -0.516196  0  
5.16  -0.00590797  6.22737  0  -0.297481  -0.614296  0  
5.17  -0.00888279  6.22073  0  -0.297481  -0.712396  0  
5.18  -0.0118576  6.21312  0  -0.297481  -0.810496  0  
5.19  -0.0148324  6.20452  0  -0.297481  -0.908596  0  
5.2  -0.0178072  6.19495  0  -0.297481  -1.0067  0  
5.21  -0.0206622  6.18439  0  -0.273512  -1.1048  0  
5.22  -0.0231556  6.17285  0  -0.225167  -1.2029  0  
5.23  -0.0250591  6.16033  0  -0.155532  -1.301  0  
5.24  -0.026185  6.14683  0  -0.0696449  -1.3991  0  
5.25  -0.0264039  6.13235  0  0.0258555  -1.4972  0  
5.26  -0.0256585  6.11689  0  0.123225  -1.5953  0  
5.27  -0.0239712  6.10044  0  0.214231  -1.6934  0  
5.28  -0.0214459  6.08302  0  0.29083  -1.7915  0  
5.29  -0.0182624  6.06461  0  0.345867  -1.8896  0  
5.3  -0.0146645  6.04523  0  0.373723  -1.9877  0  
5.31  -0.0109273  6.02486  0  0.373723  -2.0858  0  
5.32  -0.00719004  6.00351  0  0.373723  -2.1839  0  
5.33  -0.00345282  5.98118  0  0.373723  -2.282  0  
5.34  0.000284407  5.95787  0  0.373723  -2.3801  0  
5.35  0.00402163  5.93358  0  0.373723  -2.4782  0  
5.36  0.00775886  5.90831  0  0.373723  -2.5763  0  
5.37  0.0114961  5.88205  0  0.373723  -2.6744  0  
5.38  0.0152333  5.85482  0  0.373723  -2.7725  0  
5.39  0.0189705  5.8266  0  0.373723  -2.8706  0  
5.4  0.0227078  5.79741  0  0.373723  -2.9687  0  
5.41  0.026445  5.76723  0  0.373723  -3.0668  0  
5.42  0.0301822  5.73607  0  0.373723  -3.1649  0  
5.43  0.0339194  5.70393  0  0.373723  -3.263  0  
5.44  0.0376567  5.67081  0  0.373723  -3.3611  0  
5.45  0.0413939  5.63671  0  0.373723  -3.4592  0  
5.46  0.0451311  5.60163  0  0.373723  -3.5573  0  
5.47  0.0488683  5.56556  0  0.373723  -3.6554  0  
5.48  0.0526056  5.52852  0  0.373723  -3.7535  0  
5.49  0.0563428  5.49049  0  0.373723  -3.8516  0  
5.5  0.06008  5.45149  0  0.373723  -3.9497  0  
5.51  0.0638172  5.4115  0  0.373723  -4.0478  0  
5.52  0.0675545  5.37053  0  0.373723  -4.1459  0  
5.53  0.0712917  5.32858  0  0.373723  -4.244  0  
5.54  0.0750289  5.28565  0  0.373723  -4.3421  0  
5.55  0.0787661  5.24174  0  0.373723  -4.4402  0  
5.56  0.0825034  5.19685  0  0.373723  -4.5383  0  
5.57  0.0862406  5.15097  0  0.373723  -4.6364  0  
5.58  0.0899778  5.10412  0  0.373723  -4.7345  0  
5.59  0.093715  5.05628  0  0.373723  -4.8326  0  
5.6  0.0974523  5.00747  0  0.373723  -4.9307  0  
5.61  0.10119  4.95767  0  0.373723  -5.0288  0  
5.62  0.104927  4.90689  0  0.373723  -5.1269  0  
5.63  0.108664  4.85513  0  0.373723  -5.225  0  
5.64  0.112401  4.80239  0  0.373723  -5.3231  0  
5.65  0.116138  4.74867  0  0.373723  -5.4212  0  
5.66  0.119876  4.69397  0  0.373723  -5.5193  0  
5.67  0.123613  4.63829  0  0.373723  -5.6174  0  
5.68  0.12735  4.58162  0  0.373723  -5.7155  0  
5.69  0.131087  4.52398  0  0.373723  -5.8136  0  
5.7  0.134825  4.46535  0  0.373723  -5.9117  0  
5.71  0.138562  4.40574  0  0.373723  -6.0098  0  
5.72  0.142299  4.34515  0  0.373723  -6.1079  0  
5.73  0.146036  4.28358  0  0.373723  -6.206  0  
5.74  0.149773  4.22103  0  0.373723  -6.3041  0  
5.75  0.153511  4.1575  0  0.373723  -6.4022  0  
5.76  0.157248  4.09299  0  0.373723  -6.5003  0  
5.77  0.160985  4.0275  0  0.373723  -6.5984  0  
5.78  0.164722  3.96102  0  0.373723  -6.6965  0  
5.79  0.16846  3.89357  0  0.373723  -6.7946  0  
5.8  0.172197  3.82513  0  0.373723  -6.8927  0  
5.81  0.175934  3.75571  0  0.373723  -6.9908  0  
5.82  0.179671  3.68531  0  0.373723  -7.0889  0  
5.83  0.183408  3.61393  0  0.373723  -7.187  0  
5.84  0.187146  3.54157  0  0.373723  -7.2851  0  
5.85  0.190883  3.46823  0  0.373723  -7.3832  0  
5.86  0.19462  3.39391  0  0.373723  -7.4813  0  
5.87  0.198357  3.31861  0  0.373723  -7.5794  0  
5.88  0.202095  3.24232  0  0.373723  -7.6775  0  
5.89  0.205832  3.16506  0  0.373723  -7.7756  0  
5.9  0.209569  3.08681  0  0.373723  -7.8737  0  
5.91  0.213306  3.00758  0  0.373723  -7.9718  0  
5.92  0.217043  2.92737  0  0.373723  -8.0699  0  
5.93  0.220781  2.84618  0  0.373723  -8.168  0  
5.94  0.224518  2.76401  0  0.373723  -8.2661  0  
5.95  0.228255  2.68086  0  0.373723  -8.3642  0  
5.96  0.231992  2.59673  0  0.373723  -8.4623  0  
5.97  0.23573  2.51162  0  0.373723  -8.5604  0  
5.98  0.239467  2.42552  0  0.373723  -8.6585  0  
5.99  0.243204  2.33845  0  0.373723  -8.7566  0  
6  0.246941  2.25039  0  0.373723  -8.8547  0  
6.01  0.250679  2.16135  0  0.373723  -8.9528  0  
6.02  0.254416  2.07133  0  0.373723  -9.0509  0  
6.03  0.258153  1.98033  0  0.373723  -9.149  0  
6.04  0.26189  1.88835  0  0.373723  -9.2471  0  
6.05  0.265627  1.79539  0  0.373723  -9.3452  0  
6.06  0.269365  1.70145  0  0.373723  -9.4433  0  
6.07  0.273102  1.60653  0  0.373723  -9.5414  0  
6.08  0.276839  1.51062  0  0.373723  -9.6395  0  
6.09  0.280576  1.41374  0  0.373723  -9.7376  0  
6.1  0.284314  1.31587  0  0.373723  -9.8357  0  
6.11  0.288051  1.21702  0  0.373723  -9.9338  0  
6.12  0.291788  1.11719  0  0.373723  -10.0319  0  
6.13  0.295525  1.01638  0  0.373723  -10.13  0  
6.14  0.299262  0.914594  0  0.373723  -10.2281  0  
6.15  0.303  0.811823  0  0.373723  -10.3262  0  
6.16  0.306737  0.70807  0  0.373723  -10.4243  0  
6.17  0.310474  0.603337  0  0.373723  -10.5224  0  
6.18  0.314211  0.497623  0  0.373723  -10.6205  0  
6.19  0.317949  0.390927  0  0.373723  -10.7186  0  
6.2  0.321686  0.283251  0  0.373723  -10.8167  0  
6.21  0.325423  0.174593  0  0.373723  -10.9148  0  
6.22  0.32916  0.0675336  0  0.373723  -10.4971  0  
6.23  0.332897  -0.0307788  0  0.373723  -9.16535  0  
6.24  0.336635  -0.111576  0  0.373723  -6.99415  0  
6.25  0.340372  -0.167213  0  0.373723  -4.13309  0  
6.26  0.344109  -0.191863  0  0.373723  -0.796981  0  
6.27  0.347846  -0.1821  0  0.373723  2.7496  0  
6.28  0.351584  -0.137288  0  0.373723  6.21281  0  
6.29  0.355321  -0.0597566  0  0.373723  9.29341  0  
6.3  0.359058  0.0452706  0  0.373723  11.712  0  
6.31  0.362795  0.17  0  0.373723  13.2339  0  
6.32  0.366533  0.304624  0  0.373723  13.6908  0  
6.33  0.37027  0.441041  0  0.373723  13.5927  0  
6.34  0.374007  0.576477  0  0.373723  13.4946  0  
6.35  0.377744  0.710932  0  0.373723  13.3965  0  
6.36  0.381481  0.844407  0  0.373723  13.2984  0  
6.37  0.385219  0.9769  0  0.373723  13.2003  0  
6.38  0.388956  1.10841  0  0.373723  13.1022  0  
6.39  0.392693  1.23894  0  0.373723  13.0041  0  
6.4  0.39643  1.36849  0  0.373723  12.906  0  
6.41  0.400168  1.49706  0  0.373723  12.8079  0  
6.42  0.403905  1.62465  0  0.373723  12.7098  0  
6.43  0.407642  1.75126  0  0.373723  12.6117  0  
6.44  0.411379  1.87689  0  0.373723  12.5136  0  
6.45  0.415116  2.00153  0  0.373723  12.4155  0  
6.46  0.418854  2.12519  0  0.373723  12.3174  0  
6.47  0.422591  2.24788  0  0.373723  12.2193  0  
6.48  0.426328  2.36958  0  0.373723  12.1212  0  
6.49  0.430065  2.4903  0  0.373723  12.0231  0  
6.5  0.433803  2.61004  0  0.373723  11.925  0  
6.51  0.43754  2.7288  0  0.373723  11.8269  0  
6.52  0.441277  2.84658  0  0.373723  11.7288  0  
6.53  0.445014  2.96338  0  0.373723  11.6307  0  
6.54  0.448751  3.07919  0  0.373723  11.5326  0  
6.55  0.452489  3.19403  0  0.373723  11.4345  0  
6.56  0.456226  3.30788  0  0.373723  11.3364  0  
6.57  0.459963  3.42076  0  0.373723  11.2383  0  
6.58  0.4637  3.53265  0  0.373723  11.1402  0  
6.59  0.467438  3.64356  0  0.373723  11.0421  0  
6.6  0.471175  3.75349  0  0.373723  10.944  0  
6.61  0.474912  3.86244  0  0.373723  10.8459  0  
6.62  0.478649  3.97041  0  0.373723  10.7478  0  
6.63  0.482387  4.07739  0  0.373723  10.6497  0  
6.64  0.486124  4.1834  0  0.373723  10.5516  0  
6.65  0.489861  4.28843  0  0.373723  10.4535  0  
6.66  0.493598  4.39247  0  0.373723  10.3554  0  
6.67  0.497335  4.49553  0  0.373723  10.2573  0  
6.68  0.501073  4.59762  0  0.373723  10.1592  0  
6.69  0.50481  4.69872  0  0.373723  10.0611  0  
6.7  0.508547  4.79884  0  0.373723  9.96298  0  
6.71  0.512284  4.89798  0  0.373723  9.86488  0  
6.72  0.516022  4.99614  0  0.373723  9.76678  0  
6.73  0.519759  5.09331  0  0.373723  9.66868  0  
6.74  0.523496  5.18951  0  0.373723  9.57058  0  
6.75  0.527233  5.28472  0  0.373723  9.47248  0  
6.76  0.53097  5.37896  0  0.373723  9.37438  0  
6.77  0.534708  5.47221  0  0.373723  9.27628  0  
6.78  0.538445  5.56448  0  0.373723  9.17818  0  
6.79  0.542182  5.65578  0  0.373723  9.08008  0  
6.8  0.545919  5.74609  0  0.373723  8.98198  0  
6.81  0.549657  5.83541  0  0.373723  8.88388  0  
6.82  0.553394  5.92376  0  0.373723  8.78578  0  
6.83  0.557131  6.01113  0  0.373723  8.68768  0  
6.84  0.560868  6.09752  0  0.373723  8.58958  0  
6.85  0.564605  6.18292  0  0.373723  8.49148  0  
6.86  0.568343  6.26735  0  0.373723  8.39338  0  
6.87  0.57208  6.35079  0  0.373723  8.29528  0  
6.88  0.575817  6.43325  0  0.373723  8.19718  0  
6.89  0.579554  6.51473  0  0.373723  8.09908  0  
6.9  0.583292  6.59523  0  0.373723  8.00098  0  
6.91  0.587029  6.67475  0  0.373723  7.90288  0  
6.92  0.590766  6.75329  0  0.373723  7.80478  0  
6.93  0.594503  6.83085  0  0.373723  7.70668  0  
6.94  0.598241  6.90742  0  0.373723  7.60858  0  
6.95  0.601978  6.98302  0  0.373723  7.51048  0  
6.96  0.605715  7.05763  0  0.373723  7.41238  0  
6.97  0.609452  7.13127  0  0.373723  7.31428  0  
6.98  0.613189  7.20392  0  0.373723  7.21618  0  
6.99  0.616927  7.27559  0  0.373723  7.11808  0  
7  0.620664  7.34628  0  0.373723  7.01998  0  
7.01  0.624401  7.41599  0  0.373723  6.92188  0  
7.02  0.628138  7.48472  0  0.373723  6.82378  0  
7.03  0.631876  7.55247  0  0.373723  6.72568  0  
7.04  0.635613  7.61923  0  0.373723  6.62758  0  
7.05  0.63935  7.68502  0  0.373723  6.52948  0  
7.06  0.643087  7.74982  0  0.373723  6.43138  0  
7.07  0.646824  7.81365  0  0.373723  6.33328  0  
7.08  0.650562  7.87649  0  0.373723  6.23518  0  
7.09  0.654299  7.93835  0  0.373723  6.13708  0  
7.1  0.658036  7.99923  0  0.373723  6.03898  0  
7.11  0.661773  8.05913  0  0.373723  5.94088  0  
7.12  0.665511  8.11805  0  0.373723  5.84278  0  
7.13  0.669226  8.17598  0  0.369363  5.74468  0  
7.14  0.672739  8.23294  0  0.33328  5.64658  0  
7.15  0.675742  8.28892  0  0.267201  5.54848  0  
7.16  0.677955  8.34391  0  0.175485  5.45038  0  
7.17  0.679157  8.39792  0  0.0648714  5.35228  0  
7.18  0.679201  8.45096  0  -0.0560037  5.25418  0  
7.19  0.678035  8.50301  0  -0.177257  5.15608  0  
7.2  0.675706  8.55408  0  -0.288553  5.05798  0  
7.21  0.672363  8.60417  0  -0.379962  4.95988  0  
7.22  0.668249  8.65327  0  -0.442832  4.86178  0  
7.23  0.663682  8.7014  0  -0.470575  4.76368  0  
7.24  0.658976  8.74855  0  -0.470575  4.66558  0  
7.25  0.654271  8.79471  0  -0.470575  4.56748  0  
7.26  0.649565  8.8399  0  -0.470575  4.46938  0  
7.27  0.644859  8.8841  0  -0.470575  4.37128  0  
7.28  0.640153  8.92732  0  -0.470575  4.27318  0  
7.29  0.635448  8.96956  0  -0.470575  4.17508  0  
7.3  0.630742  9.01083  0  -0.470575  4.07698  0  
7.31  0.626036  9.0511  0  -0.470575  3.97888  0  
7.32  0.62133  9.0904  0  -0.470575  3.88078  0  
7.33  0.616625  9.12872  0  -0.470575  3.78268  0  
7.34  0.611919  9.16606  0  -0.470575  3.68458  0  
7.35  0.607213  9.20241  0  -0.470575  3.58648  0  
7.36  0.602507  9.23779  0  -0.470575  3.48838  0  
7.37  0.597802  9.27218  0  -0.470575  3.39028  0  
7.38  0.593096  9.30559  0  -0.470575  3.29218  0  
7.39  0.58839  9.33802  0  -0.470575  3.19408  0  
7.4  0.583684  9.36947  0  -0.470575  3.09598  0  
7.41  0.578979  9.39994  0  -0.470575  2.99788  0  
7.42  0.574273  9.42943  0  -0.470575  2.89978  0  
7.43  0.569567  9.45794  0  -0.470575  2.80168  0  
7.44  0.564861  9.48546  0  -0.470575  2.70358  0  
7.45  0.560156  9.51201  0  -0.470575  2.60548  0  
7.46  0.55545  9.53757  0  -0.470575  2.50738  0  
7.47  0.550744  9.56216  0  -0.470575  2.40928  0  
7.48  0.546038  9.58576  0  -0.470575  2.31118  0  
7.49  0.541333  9.60838  0  -0.470575  2.21308  0  
7.5  0.536627  9.63002  0  -0.470575  2.11498  0  
7.51  0.531921  9.65068  0  -0.470575  2.01688  0  
7.52  0.527215  9.67036  0  -0.470575  1.91878  0  
7.53  0.52251  9.68906  0  -0.470575  1.82068  0  
7.54  0.517804  9.70677  0  -0.470575  1.72258  0  
7.55  0.513098  9.72351  0  -0.470575  1.62448  0  
7.56  0.508392  9.73926  0  -0.470575  1.52638  0  
7.57  0.503687  9.75403  0  -0.470575  1.42828  0  
7.58  0.498981  9.76783  0  -0.470575  1.33018  0  
7.59  0.494275  9.78064  0  -0.470575  1.23208  0  
7.6  0.489569  9.79247  0  -0.470575  1.13398  0  
7.61  0.484864  9.80332  0  -0.470575  1.03588  0  
7.62  0.480158  9.81319  0  -0.470575  0.937779  0  
7.63  0.475452  9.82207  0  -0.470575  0.839679  0  
7.64  0.470746  9.82998  0  -0.470575  0.741579  0  
7.65  0.466041  9.83691  0  -0.470575  0.643479  0  
7.66  0.461335  9.84285  0  -0.470575  0.545379  0  
7.67  0.456629  9.84781  0  -0.470575  0.447279  0  
7.68  0.451923  9.8518  0  -0.470575  0.349179  0  
7.69  0.447218  9.8548  0  -0.470575  0.251079  0  
7.7  0.442512  9.85682  0  -0.470575  0.152979  0  
7.71  0.437806  9.85786  0  -0.470575  0.0548791  0  
7.72  0.4331  9.85791  0  -0.470575  -0.0432209  0  
7.73  0.428395  9.85699  0  -0.470575  -0.141321  0  
7.74  0.423689  9.85509  0  -0.470575  -0.239421  0  
7.75  0.418983  9.8522  0  -0.470575  -0.337521  0  
7.76  0.414277  9.84834  0  -0.470575  -0.435621  0  
7.77  0.409572  9.84349  0  -0.470575  -0.533721  0  
7.78  0.404866  9.83766  0  -0.470575  -0.631821  0  
7.79  0.40016  9.83085  0  -0.470575  -0.729921  0  
7.8  0.395454  9.82306  0  -0.470575  -0.828021  0  
7.81  0.390749  9.81429  0  -0.470575  -0.926121  0  
7.82  0.386043  9.80454  0  -0.470575  -1.02422  0  
7.83  0.381337  9.79381  0  -0.470575  -1.12232  0  
7.84  0.376631  9.7821  0  -0.470575  -1.22042  0  
7.85  0.371926  9.7694  0  -0.470575  -1.31852  0  
7.86  0.36722  9.75573  0  -0.470575  -1.41662  0  
7.87  0.362514  9.74107  0  -0.470575  -1.51472  0  
7.88  0.357808  9.72543  0  -0.470575  -1.61282  0  
7.89  0.353103  9.70881  0  -0.470575  -1.71092  0  
7.9  0.348397  9.69121  0  -0.470575  -1.80902  0  
7.91  0.343691  9.67263  0  -0.470575  -1.90712  0  
7.92  0.338985  9.65307  0  -0.470575  -2.00522  0  
7.93  0.33428  9.63253  0  -0.470575  -2.10332  0  
7.94  0.329574  9.611  0  -0.470575  -2.20142  0  
7.95  0.324868  9.5885  0  -0.470575  -2.29952  0  
7.96  0.320162  9.56501  0  -0.470575  -2.39762  0  
7.97  0.315457  9.54055  0  -0.470575  -2.49572  0  
7.98  0.310751  9.5151  0  -0.470575  -2.59382  0  
7.99  0.306045  9.48867  0  -0.470575  -2.69192  0  
8  0.301339  9.46126  0  -0.470575  -2.79002  0  
8.01  0.296634  9.43287  0  -0.470575  -2.88812  0  
8.02  0.291928  9.4035  0  -0.470575  -2.98622  0  
8.03  0.287222  9.37315  0  -0.470575  -3.08432  0  
8.04  0.282516  9.34181  0  -0.470575  -3.18242  0  
8.05  0.277811  9.3095  0  -0.470575  -3.28052  0  
8.06  0.273105  9.2762  0  -0.470575  -3.37862  0  
8.07  0.268399  9.24192  0  -0.470575  -3.47672  0  
8.08  0.263693  9.20667  0  -0.470575  -3.57482  0  
8.09  0.258988  9.17043  0  -0.470575  -3.67292  0  
8.1  0.254282  9.13321  0  -0.470575  -3.77102  0  
8.11  0.249576  9.09501  0  -0.470575  -3.86912  0  
8.12  0.24487  9.05583  0  -0.470575  -3.96722  0  
8.13  0.240165  9.01566  0  -0.470575  -4.06532  0  
8.14  0.235459  8.97452  0  -0.470575  -4.16342  0  
8.15  0.230753  8.93239  0  -0.470575  -4.26152  0  
8.16  0.226047  8.88929  0  -0.470575  -4.35962  0  
8.17  0.221342  8.8452  0  -0.470575  -4.45772  0  
8.18  0.216636  8.80013  0  -0.470575  -4.55582  0  
8.19  0.21193  8.75409  0  -0.470575  -4.65392  0  
8.2  0.207224  8.70706  0  -0.470575  -4.75202  0  
8.21  0.202519  8.65905  0  -0.470575  -4.85012  0  
8.22  0.197813  8.61005  0  -0.470575  -4.94822  0  
8.23  0.193107  8.56008  0  -0.470575  -5.04632  0  
8.24  0.188401  8.50913  0  -0.470575  -5.14442  0  
8.25  0.183696  8.45719  0  -0.470575  -5.24252  0  
8.26  0.17899  8.40428  0  -0.470575  -5.34062  0  
8.27  0.174284  8.35038  0  -0.470575  -5.43872  0  
8.28  0.169578  8.2955  0  -0.470575  -5.53682  0  
8.29  0.164873  8.23964  0  -0.470575  -5.63492  0  
8.3  0.160167  8.1828  0  -0.470575  -5.73302  0  
8.31  0.155461  8.12498  0  -0.470575  -5.83112  0  
8.32  0.150755  8.06618  0  -0.470575  -5.92922  0  
8.33  0.14605  8.0064  0  -0.470575  -6.02732  0  
8.34  0.141344  7.94564  0  -0.470575  -6.12542  0  
8.35  0.136638  7.88389  0  -0.470575  -6.22352  0  
8.36  0.131932  7.82117  0  -0.470575  -6.32162  0  
8.37  0.127227  7.75746  0  -0.470575  -6.41972  0  
8.38  0.122521  7.69277  0  -0.470575  -6.51782  0  
8.39  0.117815  7.6271  0  -0.470575  -6.61592  0  
8.4  0.113109  7.56045  0  -0.470575  -6.71402  0  
8.41  0.108404  7.49282  0  -0.470575  -6.81212  0  
8.42  0.103698  7.42421  0  -0.470575  -6.91022  0  
8.43  0.0989922  7.35462  0  -0.470575  -7.00832  0  
8.44  0.0942864  7.28404  0  -0.470575  -7.10642  0  
8.45  0.0895807  7.21249  0  -0.470575  -7.20452  0  
8.46  0.0848749  7.13995  0  -0.470575  -7.30262  0  
8.47  0.0801692  7.06644  0  -0.470575  -7.40072  0  
8.48  0.0754634  6.99194  0  -0.470575  -7.49882  0  
8.49  0.0707577  6.91646  0  -0.470575  -7.59692  0  
8.5  0.0660519  6.84  0  -0.470575  -7.69502  0  
8.51  0.0613461  6.76256  0  -0.470575  -7.79312  0  
8.52  0.0566404  6.68414  0  -0.470575  -7.89122  0  
8.53  0.0519346  6.60473  0  -0.470575  -7.98932  0  
8.54  0.0472289  6.52435  0  -0.470575  -8.08742  0  
8.55  0.0425231  6.44299  0  -0.470575  -8.18552  0  
8.56  0.0378174  6.36064  0  -0.470575  -8.28362  0  
8.57  0.0331116  6.27731  0  -0.470575  -8.38172  0  
8.58  0.0284059  6.19301  0  -0.470575  -8.47982  0  
8.59  0.0237001  6.10772  0  -0.470575  -8.57792  0  
8.6  0.0189944  6.02145  0  -0.470575  -8.67602  0  
8.61  0.0142886  5.9342  0  -0.470575  -8.77412  0  
8.62  0.00958289  5.84597  0  -0.470575  -8.87222  0  
8.63  0.00487714  5.75675  0  -0.470575  -8.97032  0  
8.64  0.00017139  5.66656  0  -0.470575  -9.06842  0  
8.65  -0.00453436  5.57538  0  -0.470575  -9.16652  0  
8.66  -0.00924011  5.48323  0  -0.470575  -9.26462  0  
8.67  -0.0139459  5.39009  0  -0.470575  -9.36272  0  
8.68  -0.0186516  5.29597  0  -0.470575  -9.46082  0  
8.69  -0.0232015  5.20088  0  -0.439397  -9.55892  0  
8.7  -0.0272453  5.1048  0  -0.36937  -9.65702  0  
8.71  -0.0304162  5.00774  0  -0.264816  -9.75512  0  
8.72  -0.0324063  4.90969  0  -0.133188  -9.85322  0  
8.73  -0.032995  4.81067  0  0.0154316  -9.95132  0  
8.74  -0.0320725  4.71067  0  0.169078  -10.0494  0  
8.75  -0.0296529  4.60968  0  0.314848  -10.1475  0  
8.76  -0.0258788  4.50772  0  0.439958  -10.2456  0  
8.77  -0.0210148  4.40477  0  0.532845  -10.3437  0  
8.78  -0.0154296  4.30084  0  0.584201  -10.4418  0  
8.79  -0.00956923  4.19593  0  0.587869  -10.5399  0  
8.8  -0.00369054  4.09004  0  0.587869  -10.638  0  
8.81  0.00218815  3.98317  0  0.587869  -10.7361  0  
8.82  0.00806684  3.87532  0  0.587869  -10.8342  0  
8.83  0.0139455  3.76649  0  0.587869  -10.9323  0  
8.84  0.0198242  3.65667  0  0.587869  -11.0304  0  
8.85  0.0257029  3.54588  0  0.587869  -11.1285  0  
8.86  0.0315816  3.4341  0  0.587869  -11.2266  0  
8.87  0.0374603  3.32135  0  0.587869  -11.3247  0  
8.88  0.043339  3.20761  0  0.587869  -11.4228  0  
8.89  0.0492177  3.09289  0  0.587869  -11.5209  0  
8.9  0.0550963  2.97719  0  0.587869  -11.619  0  
8.91  0.060975  2.86051  0  0.587869  -11.7171  0  
8.92  0.0668537  2.74285  0  0.587869  -11.8152  0  
8.93  0.0727324  2.62421  0  0.587869  -11.9133  0  
8.94  0.0786111  2.50458  0  0.587869  -12.0114  0  
8.95  0.0844898  2.38398  0  0.587869  -12.1095  0  
8.96  0.0903685  2.26239  0  0.587869  -12.2076  0  
8.97  0.0962472  2.13983  0  0.587869  -12.3057  0  
8.98  0.102126  2.01628  0  0.587869  -12.4038  0  
8.99  0.108005  1.89175  0  0.587869  -12.5019  0  
9  0.113883  1.76624  0  0.587869  -12.6  0  
9.01  0.119762  1.63975  0  0.587869  -12.6981  0  
9.02  0.125641  1.51228  0  0.587869  -12.7962  0  
9.03  0.131519  1.38382  0  0.587869  -12.8943  0  
9.04  0.137398  1.25439  0  0.587869  -12.9924  0  
9.05  0.143277  1.12398  0  0.587869  -13.0905  0  
9.06  0.149155  0.99258  0  0.587869  -13.1886  0  
9.07  0.155034  0.860204  0  0.587869  -13.2867  0  
9.08  0.160913  0.726846  0  0.587869  -13.3848  0  
9.09  0.166791  0.592507  0  0.587869  -13.4829  0  
9.1  0.17267  0.457188  0  0.587869  -13.581  0  
9.11  0.178549  0.320887  0  0.587869  -13.6791  0  
9.12  0.184427  0.183605  0  0.587869  -13.7772  0  
9.13  0.190306  0.0475366  0  0.587869  -13.4365  0  
9.14  0.196185  -0.0793158  0  0.587869  -11.934  0  
9.15  0.202064  -0.185728  0  0.587869  -9.34836  0  
9.16  0.207942  -0.26174  0  0.587869  -5.85417  0  
9.17  0.213821  -0.299566  0  0.587869  -1.71096  0  
9.18  0.2197  -0.294345  0  0.587869  2.75521  0  
9.19  0.225578  -0.244684  0  0.587869  7.17681  0  
9.2  0.231457  -0.152928  0  0.587869  11.1744  0  
9.21  0.237336  -0.0251138  0  0.587869  14.3885  0  
9.22  0.243214  0.129386  0  0.587869  16.5114  0  
9.23  0.249093  0.298518  0  0.587869  17.315  0  
9.24  0.254972  0.471177  0  0.587869  17.2169  0  
9.25  0.26085  0.642856  0  0.587869  17.1188  0  
9.26  0.266729  0.813554  0  0.587869  17.0207  0  
9.27  0.272608  0.983271  0  0.587869  16.9226  0  
9.28  0.278487  1.15201  0  0.587869  16.8245  0  
9.29  0.284365  1.31976  0  0.587869  16.7264  0  
9.3  0.290244  1.48654  0  0.587869  16.6283  0  
9.31  0.296123  1.65233  0  0.587869  16.5302  0  
9.32  0.302001  1.81714  0  0.587869  16.4321  0  
9.33  0.30788  1.98097  0  0.587869  16.334  0  
9.34  0.313759  2.14382  0  0.587869  16.2359  0  
9.35  0.319637  2.30569  0  0.587869  16.1378  0  
9.36  0.325516  2.46658  0  0.587869  16.0397  0  
9.37  0.331395  2.62648  0  0.587869  15.9416  0  
9.38  0.337273  2.78541  0  0.587869  15.8435  0  
9.39  0.343152  2.94335  0  0.587869  15.7454  0  
9.4  0.349031  3.10032  0  0.587869  15.6473  0  
9.41  0.354909  3.2563  0  0.587869  15.5492  0  
9.42  0.360788  3.4113  0  0.587869  15.4511  0  
9.43  0.366667  3.56532  0  0.587869  15.353  0  
9.44  0.372546  3.71836  0  0.587869  15.2549  0  
9.45  0.378424  3.87042  0  0.587869  15.1568  0  
9.46  0.384303  4.0215  0  0.587869  15.0587  0  
9.47  0.390182  4.1716  0  0.587869  14.9606  0  
9.48  0.39606  4.32071  0  0.587869  14.8625  0  
9.49  0.401939  4.46885  0  0.587869  14.7644  0  
9.5  0.407818  4.616  0  0.587869  14.6663  0  
9.51  0.413696  4.76217  0  0.587869  14.5682  0  
9.52  0.419575  4.90737  0  0.587869  14.4701  0  
9.53  0.425454  5.05158  0  0.587869  14.372  0  
9.54  0.431332  5.19481  0  0.587869  14.2739  0  
9.55  0.437211  5.33705  0  0.587869  14.1758  0  
9.56  0.44309  5.47832  0  0.587869  14.0777  0  
9.57  0.448968  5.61861  0  0.587869  13.9796  0  
9.58  0.454847  5.75791  0  0.587869  13.8815  0  
9.59  0.460726  5.89624  0  0.587869  13.7834  0  
9.6  0.466605  6.03358  0  0.587869  13.6853  0  
9.61  0.472483  6.16995  0  0.587869  13.5872  0  
9.62  0.478362  6.30533  0  0.587869  13.4891  0  
9.63  0.484241  6.43973  0  0.587869  13.391  0  
9.64  0.490119  6.57315  0  0.587869  13.2929  0  
9.65  0.495998  6.70559  0  0.587869  13.1948  0  
9.66  0.501877  6.83705  0  0.587869  13.0967  0  
9.67  0.507755  6.96752  0  0.587869  12.9986  0  
9.68  0.513634  7.09702  0  0.587869  12.9005  0  
9.69  0.519513  7.22553  0  0.587869  12.8024  0  
9.7  0.525391  7.35307  0  0.587869  12.7043  0  
9.71  0.53127  7.47962  0  0.587869  12.6062  0  
9.72  0.537149  7.60519  0  0.587869  12.5081  0  
9.73  0.543027  7.72978  0  0.587869  12.41  0  
9.74  0.548906  7.85339  0  0.587869  12.3119  0  
9.75  0.554785  7.97602  0  0.587869  12.2138  0  
9.76  0.560664  8.09767  0  0.587869  12.1157  0  
9.77  0.566542  8.21833  0  0.587869  12.0176  0  
9.78  0.572421  8.33802  0  0.587869  11.9195  0  
9.79  0.5783  8.45673  0  0.587869  11.8214  0  
9.8  0.584178  8.57445  0  0.587869  11.7233  0  
9.81  0.590057  8.69119  0  0.587869  11.6252  0  
9.82  0.595936  8.80695  0  0.587869  11.5271  0  
9.83  0.601814  8.92173  0  0.587869  11.429  0  
9.84  0.607693  9.03553  0  0.587869  11.3309  0  
9.85  0.613572  9.14835  0  0.587869  11.2328  0  
9.86  0.61945  9.26019  0  0.587869  11.1347  0  
9.87  0.625329  9.37105  0  0.587869  11.0366  0  
9.88  0.631208  9.48092  0  0.587869  10.9385  0  
9.89  0.637087  9.58982  0  0.587869  10.8404  0  
9.9  0.642965  9.69773  0  0.587869  10.7423  0  
9.91  0.648844  9.80466  0  0.587869  10.6442  0  
9.92  0.654723  9.91062  0  0.587869  10.5461  0  
9.93  0.660601  10.0156  0  0.587869  10.448  0  
9.94  0.66648  10.1196  0  0.587869  10.3499  0  
9.95  0.672295  10.2226  0  0.575233  10.2518  0  
9.96  0.677736  10.3246  0  0.512942  10.1537  0  
9.97  0.682322  10.4257  0  0.404195  10.0556  0  
9.98  0.685624  10.5257  0  0.256295  9.95753  0  
9.99  0.687307  10.6248  0  0.0801974  9.85943  0  
